4222
3739
444
965
3999
1072
2291
2765
194
2573
3397
3628
2233
4239
2282
81
4187
315
3947
564
2629
618
3460
145
1275
2132
680
1253
624
3254
3722
729
1374
3688
1252
1219
1068
298
3978
1991
2978
1071
2485
1977
675
199
2221
759
1601
221
3591
728
1576
3823
268
1170
2117
689
3479
1471
4467
3623
506
1206
1052
279
2958
561
265
3746
3946
853
521
3687
850
4358
2977
559
1908
2952
2592
739
2369
2703
4134
3976
1573
85
1047
1328
2890
2805
709
3377
750
1563
3204
517
1572
3340
2288
1642
1190
3113
4376
31
1702
977
1951
356
1574
2230
454
3795
2058
2755
78
2431
2127
518
4146
1777
3660
1939
726
813
2054
592
2448
2521
3891
3742
1533
3942
453
0
2582
4383
2106
4395
4266
1499
3240
1886
1915
2671
1554
2276
150
3110
847
4109
2963
1024
3651
391
1730
2837
2990
1614
3341
1306
2468
692
3564
434
1213
2463
2163
442
3515
263
3105
3320
2237
1868
3144
3930
1565
1890
3356
2169
91
2036
1128
1041
3859
400
2051
1297
1456
2073
1320
430
4441
3867
769
3346
916
2048
3154
3407
1840
1666
1406
4100
1609
1322
1748
797
796
1015
3065
4063
1378
2848
2684
3525
117
3481
2857
3432
4398
2681
2551
3220
233
1338
4101
3017
1042
3621
1118
483
556
3957
64
58
3401
1356
3693
1630
2721
3196
2136
2418
2401
1878
2627
1450
2738
1226
2380
3982
3459
1660
1826
4302
2571
570
1703
3309
3262
4354
3184
2363
1279
1075
3541
2936
2185
1973
4402
658
2199
2079
52
1381
3168
4035
2965
886
2988
2082
3050
956
3508
3656
4082
3605
260
195
2220
1831
3935
2086
817
2034
595
396
250
1364
1207
1711
421
2164
925
3933
1858
3120
3918
282
3713
4034
3898
1104
862
3966
801
357
4336
2861
1885
247
1772
1222
3909
2711
378
2095
4020
2334
1436
4333
474
4387
3974
1670
1763
4311
1262
1167
3975
427
1529
4213
1
3070
2994
937
3016
590
721
3529
2685
3398
4428
3800
2173
3715
3452
2305
383
316
697
3774
1681
4476
486
3229
60
4320
1089
1038
3530
891
3088
2724
2035
3929
152
1966
1069
3871
4006
3562
4142
3491
2053
4191
1326
1999
1365
3549
2607
3634
4150
530
3991
3392
3192
512
254
1163
3236
2384
1074
1245
2254
3226
774
2255
2065
1495
4308
2359
4447
2614
2366
108
2376
4095
1788
952
1980
3439
2964
1339
456
4254
983
1368
1549
4251
3391
2089
2094
106
2356
4241
2539
420
1525
2969
2009
122
1151
2062
3537
833
3584
2070
4283
3344
41
351
3396
283
2352
840
4221
557
1570
586
699
2113
2426
475
3064
3677
230
3034
1122
2491
3990
4423
2279
1419
495
56
3141
2425
440
3582
4195
2781
811
827
3760
743
941
3198
2927
3207
2720
4183
4284
1645
3209
2654
2045
2733
3973
229
1679
1240
4207
2972
3140
2766
913
4083
414
792
371
3015
1518
1312
2670
2864
57
3861
1700
1080
1602
2960
4380
528
3835
1759
2084
1581
2555
917
2337
594
2548
4067
2402
1081
4010
2188
2723
70
1613
4364
169
2556
211
1733
1941
1268
246
3216
4340
209
1225
783
2628
3040
955
3595
3578
3666
3607
3211
934
971
2269
2923
1442
4204
563
818
2222
1100
3166
1476
4217
3077
2013
2351
4391
4314
2324
1416
3893
1931
136
3079
2674
126
4379
2506
1917
3483
2323
1829
241
2306
170
3252
910
224
3210
3707
4115
1821
2806
2884
585
735
4016
4334
3600
4227
3059
3099
312
3803
1561
2176
1994
3478
2109
198
3945
1478
500
4062
659
176
2274
2626
1221
3111
1153
3153
154
446
1745
4404
3698
3700
1892
1348
3276
2792
734
2170
2189
2103
1803
3233
2934
2168
4232
157
2892
2017
2508
1685
3312
3375
3071
4031
3490
1936
3206
3329
4247
2911
1044
2406
1034
3784
2678
1433
3324
1566
1606
3553
186
1551
4279
408
3519
2537
2459
3787
227
1332
4005
3522
793
3482
4309
2281
527
1410
2466
547
55
3055
4420
1932
719
3230
2942
1665
302
665
3969
881
3163
2507
1876
1673
4093
696
546
4389
3955
3162
1814
461
4327
4475
347
790
23
2611
4450
3285
3323
1882
75
1305
560
2320
2542
3596
3932
3701
1904
3005
1564
2639
2647
1316
2005
3172
4123
1005
1923
3178
807
3563
1352
4096
1616
3633
477
980
1116
425
3255
3
3594
2816
3791
309
1256
3548
1401
389
2348
285
3415
3371
469
1188
1843
751
3384
2916
2615
2408
1440
134
4050
394
1742
2795
2241
379
785
682
2589
1480
2270
543
1389
3996
3247
3971
3350
583
4439
640
1303
4164
604
3824
1747
923
2840
12
3038
269
572
2147
3414
632
335
4237
2458
4357
484
2836
4219
2691
46
2822
203
1333
1783
4278
931
1383
1016
2940
1543
2180
323
1698
4267
1308
2656
4218
4352
1179
4193
3052
567
1933
3450
2955
1429
4408
2422
308
2496
4371
3118
2349
568
2325
3671
3465
3680
1178
4427
3045
2775
3338
4156
1398
3280
4287
89
2901
3248
2886
3836
733
3258
3767
3100
2859
288
3270
3300
3239
257
1040
13
1017
2817
4470
3758
3464
1996
15
2752
3374
4282
4472
2214
4289
3263
4216
173
1509
2265
970
606
4043
2298
1201
2266
280
2239
1983
2453
889
664
1371
473
2699
2814
2570
2985
887
3104
1686
1650
2309
1562
4337
1884
2633
3949
4058
2160
4315
1234
3190
507
3354
2410
2193
3712
1500
4133
3282
3389
2602
4280
205
259
1632
2098
2392
175
4419
3081
1792
3092
3659
3442
1249
3063
1852
4392
1898
1611
3559
2137
2547
1528
1351
3067
3413
2383
865
4226
1119
2041
3625
598
3579
3516
433
856
4120
1216
3115
3159
3931
1584
2138
2989
54
1159
1491
2700
3611
1139
1053
3961
1064
3910
3381
1379
4292
317
634
1674
3810
4322
3053
849
2197
4007
880
1808
3447
4108
3780
593
4257
1278
2550
2519
651
2121
4377
1774
909
8
2665
245
3494
2456
204
4074
1508
4172
3456
2568
834
3927
3138
3147
4468
3962
4265
1003
4119
3772
30
1848
301
2935
1186
625
3773
3646
2452
3158
4075
3296
1913
1667
3358
3668
1993
3744
2839
2096
3911
493
3132
1731
3995
1712
4212
1321
196
1905
37
3119
3492
3201
497
2928
2047
3792
1390
501
4008
3462
2701
1729
3390
1501
3777
2668
2179
1409
1300
1659
2290
2335
1277
879
3683
4223
930
1678
1902
1123
4041
4426
3786
2772
2803
237
3359
2597
3020
3001
114
4233
996
2097
579
3954
1782
3811
2800
1796
569
2849
2467
3849
458
3951
3638
3953
2643
1523
904
1146
3393
2930
1350
1000
1689
2141
1962
2129
1641
1680
3725
4210
29
899
3926
3533
2912
341
2881
754
278
293
4477
2536
50
2449
4442
1727
2973
17
2133
35
2998
3334
710
1740
1266
2002
1955
1916
1272
1375
2833
1805
1317
489
4259
4185
2523
4425
2595
3304
3331
14
349
2919
4386
1990
3238
3622
1816
171
2932
4457
3890
2172
1194
1985
548
1971
3102
3993
2750
4255
3678
683
3473
3037
4246
1033
2227
1620
1512
1443
4366
3757
1636
3501
4166
3121
3766
1855
3551
139
216
135
3308
1720
1746
1112
4451
3731
1121
2910
2897
1960
3493
2545
4369
48
1735
860
2146
3169
253
2918
1638
2134
2966
1556
3013
470
3822
3842
3920
704
4189
1873
3091
959
2655
2520
1149
2794
3496
1420
2026
457
1515
463
991
1141
4148
1738
3922
4341
3956
464
3244
3635
1930
3488
2992
2651
1861
1947
1090
858
1880
1896
3316
928
641
1847
2518
1578
1452
994
1431
4175
314
1444
2196
922
2778
4053
1408
878
4471
1504
488
1176
2201
3237
1400
3243
3702
2938
3383
4411
2424
2340
927
1723
1298
104
2202
4361
2130
1975
1809
1393
4294
2894
151
3782
3342
4312
2827
1899
2215
2842
2150
3624
647
1259
4243
2441
2123
4073
690
4252
3547
3718
3179
2799
1943
4103
3264
191
1177
3705
1103
2278
2001
3870
3174
1709
4157
2689
993
2767
1595
829
2948
277
1897
3069
4068
3928
1937
992
1243
950
3272
487
1455
845
4064
2722
714
304
292
2244
3762
3112
2471
2111
986
1267
2945
343
142
353
3764
47
2612
861
1031
2743
2926
2762
1806
504
1502
1588
1818
872
1358
213
1559
1736
1284
612
2584
2190
4044
3848
3684
897
3921
764
251
4225
4061
1405
1795
1854
841
2473
1454
1058
4085
756
671
1467
3839
1952
1789
131
3936
337
4437
3797
141
912
2447
3242
2209
4102
2821
503
3986
1465
4299
2252
2744
4296
3989
3096
2091
452
4393
614
1251
2100
1692
3213
4158
4310
2167
3902
901
32
828
2385
2318
1360
3538
1363
3583
523
3765
3629
4046
1817
3552
3627
2891
3831
2038
4231
4403
2313
2557
3632
3332
2909
798
3539
2576
2866
4346
809
4211
3851
2285
1286
1257
2253
3709
906
262
2044
984
42
3006
2446
2591
961
120
2006
574
4285
367
648
3032
3507
1895
1439
1575
4350
1920
3650
3794
3711
3041
4249
601
744
296
1107
1828
1894
550
4326
2898
1283
1125
1165
2761
3833
4353
2976
163
662
4004
656
2016
545
4384
2178
4065
4128
1008
2020
2107
1967
86
1355
755
3661
3322
3027
1907
437
4087
388
2442
1675
2208
875
979
885
1054
4072
2594
2258
1976
4307
3189
4214
2484
1235
3279
882
4018
1594
2588
3072
3985
2360
82
3451
2986
551
3771
767
707
597
3674
3420
158
2373
97
787
272
1493
4359
418
2707
2872
2546
1522
2664
1469
1658
138
3436
3593
1768
2944
2218
3916
3351
2477
3003
2381
918
3686
210
1142
1120
2567
2962
3944
2577
732
225
192
788
3431
1719
4270
441
2403
1860
1294
3535
3592
3915
3103
4473
3372
1147
2319
3681
2616
953
3497
1590
2039
2018
2687
80
4240
320
635
3273
153
1833
2326
11
2260
3325
155
3573
838
2308
631
3212
165
2757
4025
1946
3714
1449
4197
1445
1596
7
888
826
3532
45
1168
3368
1541
2219
1237
1394
4215
4098
2630
306
1096
903
1664
2234
876
2387
4094
669
424
4171
83
3058
2579
1655
1182
4022
1621
3265
4179
4144
1127
1296
4356
3863
1819
4460
4017
2675
2370
1845
3319
355
642
3302
2553
3619
1172
2850
3453
3763
2659
179
1131
2043
3269
3669
4286
775
3785
4275
3090
4139
667
1507
622
746
1110
964
782
824
352
1395
4268
2144
1155
1046
1567
3853
1066
1386
3074
3868
4033
455
2753
2789
2115
1466
4250
989
1815
823
3149
831
2865
3736
3461
4121
3603
1382
322
2125
3349
4367
2549
273
2740
2012
3186
3728
4461
242
3512
3703
1705
1205
2887
982
968
1988
1085
2388
2247
3422
1935
1498
2155
4263
3855
368
737
1056
99
1344
837
805
2081
1318
2076
374
1762
3298
4444
3882
3225
147
3048
4244
471
1891
544
1223
3923
711
2368
3457
2862
1418
3590
4306
212
2688
1423
643
43
2304
4059
3085
2037
1327
2658
1331
940
4431
4182
2310
295
1230
1863
3283
3862
2112
3941
2533
2015
2708
3241
3719
325
235
4448
3560
2371
932
2407
2845
1707
1696
2007
2231
1434
2680
2067
4260
2024
2069
2625
1737
1099
3655
300
3523
1844
2838
3832
2300
305
115
4295
200
3723
4019
4056
2427
1036
2878
2732
166
2259
4163
3251
1948
4013
3418
946
2631
3817
2727
3830
815
127
963
3403
2295
2257
2157
1787
3798
2554
2085
3906
1301
4105
3981
3502
2317
2947
3511
26
94
3232
1136
4242
2530
1714
3869
2739
914
943
2367
2933
2148
3821
189
4130
893
520
1137
3317
3470
3495
3657
3769
223
111
137
3253
1319
1640
326
1441
761
410
375
575
3164
482
3018
3566
3940
1761
3924
346
3130
63
318
3227
1766
1924
896
3145
3057
2608
576
228
1396
2092
2619
1273
3394
1757
2844
2895
2882
3788
53
3019
1115
3814
2756
366
4440
3614
460
1846
393
3639
123
855
1334
3002
3620
3271
1754
1354
657
190
1095
1615
4111
1211
806
2078
4125
1949
1004
172
3636
3820
2853
945
1220
1791
1593
2534
1428
3770
2416
1287
3136
3604
1883
778
4168
3672
1900
3380
2063
1010
3405
1415
1427
2741
1451
3133
2868
843
3194
2742
3727
2216
2223
3542
2949
629
3180
1315
2562
98
1827
2275
1345
944
4318
1864
2683
494
3506
1750
2818
36
1910
143
2943
868
2524
3729
2747
2455
3641
19
350
870
2393
303
3008
338
3406
3024
1634
2532
4132
377
3468
2287
4104
331
814
1586
1488
27
362
3598
4455
738
4155
580
2280
1798
1587
2561
18
2412
3826
1012
1625
2672
1957
3454
1025
4116
1531
3231
630
3717
270
717
1986
2846
2751
1683
566
731
1009
2642
3364
2885
1832
358
1721
2436
1822
666
1715
4438
2825
577
1282
4274
1265
2263
1191
10
2480
2008
4194
2460
3455
66
3510
4339
1580
3843
1183
694
324
3131
3157
3129
4298
1073
2101
3122
79
2314
1037
3327
4099
2648
1940
1872
1098
1175
1106
2702
2224
2142
951
4288
1978
4014
2124
3039
3526
511
1236
3419
90
3980
4203
4021
2187
2268
2951
627
3513
2788
1145
1215
3410
1691
1713
3670
3524
4024
3652
1510
121
524
1248
3337
2465
3202
702
329
3466
1612
1520
4069
2102
1035
2835
2860
255
1775
821
1391
445
3575
1403
3983
3310
1753
2049
1797
2419
736
107
1013
3301
3107
2093
1111
1457
2145
722
1349
766
238
207
1263
2228
4181
4077
3850
1964
2019
4159
1001
4107
2064
4474
2731
3665
3799
812
2364
3177
4281
1647
2042
3412
2398
62
2184
2472
2697
2135
3173
1537
723
3314
2663
3387
1850
3856
820
2059
4127
898
4037
1392
1853
1138
3257
2361
84
3376
4038
2996
2378
3699
4269
3616
4192
2469
2819
3938
16
1435
3378
2624
781
3073
536
3586
3382
652
2777
1557
1767
2246
2575
639
130
436
1051
3521
2126
2808
2238
1269
1180
2725
4080
3894
1869
4198
3360
800
3610
3011
3854
2430
181
3287
911
3987
3874
1756
1019
1399
3852
1195
999
978
2204
140
2470
3689
4078
385
1385
3609
2734
1812
1605
2207
2999
2071
2824
908
244
4365
232
749
1944
3082
1927
4229
100
4435
1049
411
584
760
1397
1260
1687
3385
1921
1362
705
2122
345
3735
491
1292
2439
2316
602
1473
936
2813
3134
3388
25
3345
2294
1314
638
3408
3489
1309
900
3080
1209
2644
3357
2050
3135
287
2395
2906
2773
3035
187
1929
1970
1608
412
2679
2396
3087
2617
4433
2110
752
1558
859
4343
532
2497
3776
645
239
1918
1402
177
429
3514
3433
2003
1475
894
2726
753
2437
49
2801
3888
1546
406
3626
2925
1629
1811
1242
990
3960
4443
3658
542
1084
2735
2796
1174
3061
2980
3076
3599
144
3199
803
628
266
3997
2409
3663
1271
4088
2186
2345
1302
2033
321
2433
2540
275
4415
3571
2779
2809
4301
3546
22
1979
1717
311
1506
2413
1676
1503
3885
1633
668
1239
3865
133
2851
1769
2362
2347
3402
4406
2119
1244
3710
919
621
3404
4202
2143
2191
4370
747
4154
1233
535
3148
2200
3685
795
3615
365
4273
1043
3370
2776
1726
3026
2353
1130
3097
3330
1169
363
1718
360
2771
1187
2284
3934
4238
3816
2400
113
220
3963
2355
600
1196
1421
2876
4079
2090
2195
348
2706
3749
1487
2056
2152
1643
3943
3992
1288
3866
2046
905
3268
1622
4180
1077
1150
1938
1329
3352
3161
4140
2374
3363
178
4454
2420
1881
1424
3182
2256
2858
676
3994
2590
613
261
4209
2559
1856
3904
2014
942
4173
3463
4188
2694
2333
2790
149
1270
167
33
4410
3068
2301
2713
1704
291
3887
4429
2698
2902
4261
4186
3574
2474
3095
3939
439
3829
2389
3093
1108
1708
1577
4126
2606
1264
3487
765
1785
4459
2690
4360
1524
3369
2438
844
2632
2394
2032
4196
2601
4385
1560
745
3503
969
182
4368
1291
3500
3028
3485
2509
1875
2662
3805
687
271
555
310
2941
3205
3036
1376
3321
1958
578
3804
4417
776
4453
1018
1597
2391
284
1652
1579
537
2379
2646
386
1997
4332
3664
1021
234
1154
1359
4152
1690
2414
219
1972
416
3224
3475
3847
3084
1387
3203
866
2429
582
1618
2023
3373
3747
2526
4176
1834
794
2981
1751
3860
3589
1617
1490
810
4401
2535
2763
1323
3339
2785
2382
1552
3580
1758
2029
4060
4048
3895
3445
208
3281
4000
4338
2105
3335
3030
4089
2330
3171
3733
3536
3476
4032
164
1874
558
1214
716
2434
3872
3645
1542
786
3806
2804
1404
3428
2636
3435
162
1961
3881
2852
4347
1189
998
3557
1539
3796
554
3643
2791
1124
553
1458
2904
4394
1824
3528
516
4317
3128
3042
2
3531
466
2604
2492
3790
344
2515
2718
2543
4351
1728
1483
267
3841
1161
3214
4434
462
2899
2578
2558
3046
3139
3912
2719
2177
877
663
2075
3577
1002
1460
2832
1779
3783
4040
1859
2516
3125
119
1925
4167
299
3846
1646
4174
1039
3443
2490
1741
3809
3305
525
4220
3601
846
1517
3429
1974
4446
3114
890
1545
3781
2332
1482
4117
1627
3647
2841
4
1535
423
4070
392
3223
3608
2572
3188
3290
197
947
3421
3977
3014
1804
2979
4399
1489
3424
2768
1598
3275
2525
4297
4028
1411
3789
1914
2510
3565
1474
4149
1293
1227
1959
201
148
248
1250
816
3775
857
514
653
685
1340
854
3509
3444
4190
4106
3815
2154
1144
1684
2495
3353
3879
2151
3838
397
1372
610
2171
1669
1342
1743
1105
92
3743
336
3937
1780
1203
1437
2004
3054
3828
1492
2638
3260
2354
1656
2823
4011
2676
214
883
1725
2784
502
974
3889
2937
1479
3793
3306
3235
3534
2971
1610
1677
3654
2262
4328
1181
4138
413
226
1550
526
2924
110
522
2802
1164
313
4184
3691
3802
132
4002
359
4081
404
3195
3126
3361
1197
2329
2820
1162
2118
1020
2593
264
2175
3249
3294
3234
3438
534
1341
2498
673
289
4463
4170
3984
39
2863
2984
2728
2445
939
2099
531
791
757
3218
3919
1969
3572
2211
1877
615
286
1082
1407
3964
1568
4390
1657
2622
3049
3303
69
3101
2021
2128
3012
3721
1786
596
2830
1117
3486
2511
6
4400
124
3587
3908
2736
3259
4027
1160
4245
4001
2974
822
3732
1134
3098
3662
864
1505
2068
848
2074
2297
2153
1538
2192
1752
2066
3988
2997
206
3588
3187
2957
435
1097
2956
3277
1093
180
2503
3690
1635
3289
4276
364
3741
307
1369
3858
1232
2451
4012
3692
448
884
1781
2444
2913
4345
1346
533
3720
1062
3543
804
2273
4335
3167
4160
1879
2528
3527
3730
1682
591
799
417
1290
1113
2873
1623
1276
297
93
361
740
3228
3181
2183
3748
1801
2798
2299
4405
1494
2027
1866
3477
2730
3808
4003
2620
1217
1325
1583
768
2613
2206
1202
2598
3834
608
1307
2811
4026
1373
2637
4049
1412
2158
1295
3653
3170
4110
695
3880
1744
3751
354
4092
480
4374
693
1945
1059
1061
3737
1324
1867
2104
4363
758
1663
1070
1555
156
3029
698
3613
3108
549
1697
4466
4047
499
4355
4137
962
3000
3968
76
1569
3697
3840
2856
1459
4165
2715
2760
2522
3886
2235
2623
1790
1989
748
1224
2587
2500
2714
3567
3183
2080
1604
3123
2920
789
2810
1906
2696
2883
1820
3313
1825
3458
1639
670
3423
3819
1461
4382
87
4432
3550
1987
2250
2661
9
3998
976
509
1699
2339
3618
3416
691
4304
3648
3399
4378
2432
674
334
2251
129
2710
2922
249
4234
678
3901
1337
183
2712
2399
1963
3875
4151
2174
1156
3950
333
168
581
538
4208
3807
1011
1836
3094
498
3740
3116
2120
599
2585
2854
1464
2365
3386
1981
4235
3160
2464
1140
1280
1695
243
1258
987
236
3379
1285
1530
3606
438
2499
3561
902
617
3047
1547
2240
515
2583
2512
2880
4114
2959
1965
71
1998
3518
4042
1241
1060
1995
1438
372
2826
1984
2489
3245
2264
3467
3676
1893
1600
4262
1519
2812
1313
2440
1135
274
2312
4342
2443
4230
4325
2709
256
1481
1094
1199
218
2660
2829
777
2357
1109
3044
1083
1472
4143
763
2517
1926
1453
1724
2717
1527
1928
1516
2286
1045
1793
1330
623
2574
921
2815
2758
510
2377
1148
3004
4414
4253
319
2277
565
3642
2917
2350
1870
975
202
188
4319
2010
2493
409
59
3185
2328
2028
3555
1734
2704
4465
2982
2292
2695
422
3175
2931
3959
1486
646
468
2889
920
718
2552
2052
1514
1343
2560
626
3738
1807
3191
4396
3644
863
2261
3292
1862
4331
1607
1057
2716
4348
995
2289
505
102
4375
1540
3217
1092
3106
4129
1158
1091
3366
1477
146
73
2411
2874
725
419
1413
1048
28
1802
3219
972
4228
2462
4458
4271
342
2077
4397
4258
3109
2182
4118
3568
1353
929
2939
2541
2843
109
835
2954
780
3708
2645
1548
616
3965
3897
387
1511
3753
3143
3884
44
1956
1799
1865
2505
4153
2754
1716
1553
3857
873
605
2770
4303
4413
1968
2232
3060
1484
2961
588
2242
851
1425
4373
3877
4224
2108
1088
836
1672
3754
3752
3146
742
478
2213
1336
1311
382
407
2953
1810
603
1668
1367
3127
2950
3355
3328
2847
4055
2139
3899
949
4291
4200
706
3409
3215
2929
1289
4305
1076
997
3426
3347
373
2650
1603
1335
688
681
3197
1722
4300
447
3142
276
2149
481
1648
2404
4272
701
2527
3484
1246
1764
2581
3682
3137
101
2181
1776
1086
3326
65
3117
2797
708
2657
2243
3025
2311
459
869
1366
2322
3286
587
2786
1599
376
1773
4199
1218
1534
3471
842
4136
1310
2783
713
2166
2653
38
2342
2421
1254
1447
2225
2504
3022
4177
1628
1706
2293
933
924
1231
61
4122
762
2586
112
2905
3540
2513
1830
1765
2060
184
330
2693
1532
490
2921
3818
2875
20
3706
1229
465
1526
4052
3427
3907
3480
3695
1585
712
4161
619
3056
1922
2296
3284
4452
160
3267
4039
34
871
332
1760
611
2315
1023
3970
620
3333
1208
1710
1589
3256
907
2025
1007
2618
3812
3083
3958
2514
3585
4205
2061
1055
3667
4372
2405
3972
1198
4256
2834
4436
2031
2531
2993
4248
773
2600
4206
3221
1582
2580
3845
4277
4141
1619
2867
3278
3873
1152
3446
1953
2000
3726
405
4147
2729
1414
1778
981
3504
21
2748
3755
1026
1842
4084
1496
2482
513
1446
2774
116
472
2914
741
4430
1626
1838
1171
2640
649
2341
3066
2855
2346
988
852
2745
2975
2877
2673
1485
2896
3299
4421
1157
68
1281
403
1463
808
4344
3545
395
1693
655
1014
1536
2686
540
2609
2529
3152
3343
3724
1911
2156
1029
1919
2634
2307
4462
3556
2605
2375
3913
401
1299
2283
2987
2828
2011
1132
3925
679
1835
3745
2343
2879
3021
1934
508
1133
1688
2544
4313
399
2327
2478
118
2486
832
2566
3778
1770
2055
1078
2569
2564
660
573
3896
3155
4388
103
3051
4422
1193
1784
4090
3675
1732
3696
1032
2649
715
1839
2610
2487
2494
3768
4381
4112
2390
644
1653
451
2787
496
3307
4316
867
4418
915
4323
67
1624
3704
4445
3892
3597
3472
1887
2088
2162
77
2210
1637
1380
938
985
2807
3075
4321
2338
2159
159
1050
3193
2946
839
661
1837
3878
589
2428
2488
3827
2908
40
2386
3844
2737
3009
1871
4009
3293
3078
1982
3756
1027
4469
4057
2769
231
290
519
1143
431
1384
1361
2461
2970
2248
724
3288
3734
428
3558
1468
3716
370
2991
1063
1954
636
3544
967
125
51
24
2358
2635
1592
1430
467
1255
96
4086
1370
443
1448
1006
4201
730
1571
2249
217
3448
4290
2782
3425
3569
3156
398
4124
3250
4169
948
1426
222
2563
607
281
2344
4412
2481
2030
2057
2682
2267
1888
384
3761
3673
2831
415
1800
2245
1304
1497
2194
3033
2475
2212
2397
3637
1823
4036
1030
926
2603
633
703
3315
3200
1901
2022
1942
3023
4051
4023
3914
88
1192
240
1065
380
1185
1417
2746
1388
3967
479
4293
2415
1377
2666
328
3434
1651
2621
4236
2538
2692
1028
2599
1739
426
1662
381
1749
3581
3825
3630
2454
327
2502
1649
1173
1771
2669
571
161
2072
2302
2780
3876
1432
1200
874
4178
1755
2900
4362
3952
2749
2272
3505
1903
1347
1212
3362
819
1079
654
3151
2229
4015
193
1101
2435
5
3948
3570
892
3318
935
4113
2203
3864
2217
3261
2759
2476
4097
2641
3779
3837
3336
105
432
4456
3311
3274
3474
215
1114
3917
2321
1849
3266
3979
779
2915
3043
1694
2995
3694
4407
2871
1950
539
2764
2331
1841
476
2457
1909
954
2417
294
3602
174
2667
3062
3900
2165
4349
2205
1851
529
2040
72
1166
4145
3640
3517
3499
2869
2565
1889
4329
672
4076
4054
1238
562
4324
4464
2888
3400
402
95
74
1912
2968
4264
2271
541
609
772
3430
966
492
3905
3617
1857
369
1521
128
4424
3365
973
3576
2140
2226
1087
2907
252
784
1813
1261
3291
2372
450
2114
2596
1462
4162
1067
720
1701
4066
1661
1126
1228
2793
3246
637
2198
1210
3348
727
1184
1274
1022
258
1247
3411
1544
1204
4416
2870
3010
4449
3124
390
3222
2087
958
2483
686
2423
770
3417
3883
2967
485
2903
2479
1794
2303
185
4030
3395
3437
1102
3297
339
684
3649
802
2677
2336
3031
3801
4091
2893
3295
3176
3759
3612
3813
825
2983
3469
449
700
2116
3150
1992
3554
771
830
4409
1654
4071
3007
3086
2450
3498
2161
960
2236
2652
3089
4135
3631
895
2083
4029
1129
3441
1513
2131
552
677
2501
3440
3520
4330
3367
3679
340
4131
3165
1591
3208
4045
1671
3903
1422
1631
2705
3750
1470
1357
3449
1644
957
650
