2337
4284
2787
4598
2775
1067
1475
4069
1837
110
819
4991
353
4131
1046
301
824
1805
3367
3407
2366
2132
5306
5428
4695
2686
538
3229
4691
5312
1333
2352
5322
2135
3257
4368
2395
3757
2529
5260
1324
3737
145
2592
976
104
1299
4451
1955
655
3743
1059
150
917
3161
5210
1935
2999
1962
4677
2477
366
418
1269
2932
167
974
5369
4796
4333
2157
4781
482
4963
141
3528
3901
151
2856
2404
2448
3141
4150
3363
3280
4567
4008
2089
5009
1004
325
4303
293
3104
2472
57
1724
1270
2949
1535
2077
40
4180
87
2970
1330
3015
1068
137
5323
2108
2954
3113
2635
2083
1065
2676
4187
1290
3544
4228
2128
2008
3631
1020
2908
4274
3985
792
3504
474
165
2094
2249
411
4089
475
134
5378
798
3237
982
483
3560
3977
4717
3148
4684
4849
5274
1816
4853
3829
638
4674
4389
3398
4007
833
3761
2489
379
3291
3386
2726
5192
666
1444
5173
2310
4643
4160
3984
2226
5414
1312
2059
4856
2230
5086
2454
4900
3601
1717
5281
4212
4198
2284
699
1793
1775
3980
4491
2207
391
5215
2721
2897
2559
2168
3153
1125
1359
4956
2382
333
19
1735
4882
739
364
2516
773
389
3924
4251
1532
4219
600
2983
1408
2578
4539
4115
3786
3145
1265
1171
233
936
662
3881
263
128
4967
1094
4105
2834
2370
1246
1608
4176
5204
708
4373
2305
464
2159
5076
3838
2630
1915
2297
5160
4192
5074
2813
546
1294
3618
5264
1718
347
50
4411
4421
3837
2181
1319
2267
2966
1792
3342
1281
4492
334
3358
2295
5240
55
947
4047
4812
1737
4359
112
5010
206
2149
1030
2241
2545
5364
3932
3270
590
568
3987
960
212
2304
1158
1733
3040
4811
1936
7
2884
234
3076
2833
248
775
826
4876
1959
4712
2219
2
3287
4915
853
5041
3825
297
4545
5398
1574
3160
1174
3995
548
550
5357
4342
2739
1576
2426
3545
3843
1336
3630
2871
512
122
4321
2360
748
2425
4366
4247
4401
85
4735
2445
3796
2565
4346
2517
2661
5130
4798
3101
3036
4553
4896
1222
858
5448
2850
4632
2361
2863
2703
3592
2843
2264
136
3221
629
1660
2600
1388
2672
371
1084
1929
3531
3288
3982
722
890
2182
3225
2771
4568
4452
2198
3495
495
3499
4704
1906
3865
4273
5079
3206
589
5029
438
2617
1479
1069
3869
213
4137
508
326
700
3304
5423
5419
1458
962
4498
3082
1214
4238
680
3186
5217
2290
4998
893
4940
4662
5059
4093
4227
5231
2141
5443
922
4912
5273
1134
1747
2247
2022
4267
271
3324
2900
5295
4586
2597
2006
3349
1113
3598
2441
4511
2950
1912
3487
1838
3640
3842
3492
1730
2905
3042
791
5365
4718
2659
4888
3589
4409
4513
4467
3307
1119
5151
693
3768
1469
3459
3840
4435
264
3488
5196
2750
4224
3866
4263
1777
3877
2095
4012
4685
4375
3721
1541
5376
4203
4312
1255
288
2968
5036
2725
3212
59
4891
414
1082
2752
3970
4360
3639
5056
4237
1595
2914
2369
901
2560
520
2826
2154
3210
2956
598
2713
2975
103
11
3923
507
640
4880
4082
4354
943
4398
2416
5045
339
4753
3935
577
2731
4867
1426
210
2849
2043
2694
745
5139
1135
2767
5184
4996
1039
4869
261
2139
2058
984
2643
2801
4932
4907
2208
682
4166
3436
2753
2647
645
5304
2114
4130
3705
884
3461
2498
816
649
4707
196
1642
3228
1043
4493
4426
1048
3868
501
5015
439
5267
697
39
4561
941
406
2820
714
2696
5331
4541
445
1382
3220
4109
5446
3599
1404
3706
4638
88
486
4916
3251
2482
986
5044
2797
3008
4584
2464
4254
4772
4318
5179
2684
1188
4111
1657
160
3381
2702
5298
831
807
1012
4980
1898
4060
2122
2541
5207
3163
1845
2065
4484
1167
4352
3175
2278
5206
5358
1159
5219
3524
2530
1755
3346
3857
1651
3518
1422
3736
1044
3576
2027
540
1261
4481
5345
1616
2272
5171
2540
2311
567
1791
2668
4917
2499
4508
915
940
2262
737
1973
634
1643
42
1433
5321
2466
1862
1882
1179
1386
294
729
3562
3494
1023
4339
3678
423
5280
205
535
1352
1402
266
4236
681
466
1939
846
3415
3587
1466
859
3878
1463
4194
1138
509
4634
1716
1389
4522
3276
3894
4139
1498
783
2053
5420
3772
1751
2606
1537
4370
3911
2700
2910
3093
3310
2502
1369
3839
3660
900
60
4280
5149
1811
4443
4189
991
377
1528
1850
4385
1863
914
3648
2774
4904
16
5367
3703
4741
77
3681
2479
4590
2515
2538
3120
5237
1192
2364
761
3360
168
5427
5397
4376
5431
10
67
216
4242
2465
1417
4113
4400
2948
788
821
3071
2085
1321
329
5316
4336
2019
506
5309
4970
4103
1225
4727
3470
3927
4777
3871
3351
5347
2167
1407
1490
155
5133
4658
1161
2120
656
1229
120
30
2005
801
4557
1100
526
4875
4656
1868
2084
3486
93
4697
4289
1696
4600
4831
2397
4422
478
3473
1124
559
24
3168
4369
4348
1587
1303
1888
1045
2210
2822
1220
2733
4433
4294
2099
1259
4826
4609
1546
4175
1226
4973
528
1544
5110
2681
1245
4639
1661
1504
265
1006
933
2459
4871
1247
812
2951
4104
3029
771
5244
4565
573
1032
1715
1597
2170
2556
4331
5330
1182
3950
961
2021
625
2784
2187
4740
4664
2256
2378
4542
4845
3455
2544
2613
2240
4011
3048
4652
1120
125
5144
3331
683
3642
1429
2263
4328
350
2965
919
5119
972
2243
4305
4143
272
1123
4196
3095
2776
1674
4092
1198
4924
1204
3536
4895
3498
3583
4640
1827
3039
4162
1131
5048
3954
1958
5346
314
5371
4649
5384
4471
3284
4512
2917
5396
4065
4784
4152
4985
4558
1839
2936
2808
1061
2666
1301
2762
4108
2227
35
4185
497
3261
3223
839
2854
2778
1130
3
1819
444
2351
5263
4079
2161
1491
2045
1678
3609
2622
1493
3197
201
3456
1017
2028
898
3626
2220
2473
3384
2091
3745
230
1630
3311
3090
147
239
790
954
3520
1619
2714
959
2736
1538
3001
2564
3555
3749
3301
1638
336
3794
5049
5046
4941
4523
4420
3247
3644
51
3961
3129
3064
2158
5308
61
4437
3931
3264
316
1166
1954
2200
3239
400
1695
1072
1832
607
385
4659
3170
231
13
641
4503
4361
2211
2899
3848
3740
1596
218
3824
4886
4033
571
4017
2055
796
4042
2325
3443
3441
4788
4293
447
1801
4163
3550
613
3953
5445
1859
2383
3024
4852
2650
2316
5402
1022
428
3641
1993
1273
3172
2521
2682
4507
3634
1437
2388
1655
685
4745
1556
1762
5080
3663
5430
692
2287
3500
4119
4571
142
1383
3790
2081
1193
4502
4971
340
306
2178
1081
2690
169
1841
1624
955
4023
3668
944
2743
3700
1203
4201
5019
3846
3915
3006
669
322
3286
2958
2401
4610
3397
4172
3979
440
5011
2172
1314
3973
3041
1840
4118
4434
2315
5379
3889
1677
3402
4748
2137
3818
4770
4260
4736
3081
661
3184
2927
4631
1961
5256
5226
1689
4084
1310
4497
621
1428
2374
778
3390
5005
2665
3949
1995
4269
2812
5366
3770
4024
1861
3446
106
586
3779
292
815
1555
199
127
2751
4231
1144
207
2408
4415
4911
97
2011
3938
149
2852
302
5351
2838
4446
185
1040
37
1128
1736
3569
396
5247
746
3049
2715
202
696
3936
2462
1097
148
828
471
1434
4953
2142
1488
4776
4430
1557
4842
5235
530
5238
2644
5099
1099
1844
4986
3990
1147
2570
4154
1177
5338
663
1263
814
2113
2296
3890
2562
1823
2716
3602
283
1588
3690
4746
3022
1558
4482
4292
4937
4892
5278
1703
3462
5349
522
3809
3209
4864
4259
660
4821
1487
192
2815
1866
3944
3078
1800
3533
2732
2930
3475
357
2380
3798
4999
4407
2759
4534
2348
3404
1851
2990
1699
2675
2125
4087
4767
2673
620
2409
1326
1140
5258
4448
1692
2704
1605
4608
1127
5388
5301
3420
4551
2338
1236
3203
802
2902
4051
3011
3373
1409
4769
1038
5302
1315
3074
4965
2492
4406
4425
1833
1965
2319
4091
636
1734
1729
1154
135
4486
3836
856
658
2110
1550
4531
725
2164
1486
4161
1798
296
5227
3850
2758
1976
5181
2423
4552
582
2175
3653
3299
4428
4790
3696
3762
5404
1121
1963
4908
2212
2254
5313
2362
1776
3031
395
2768
2394
994
2248
2723
744
3831
2728
3897
4851
4241
709
2841
4803
319
1720
4914
2734
615
1107
4097
1457
2067
5085
1495
2399
3125
4034
2678
2741
2729
3173
2573
1339
4397
2919
2335
3751
2695
4573
3463
3410
2202
3553
4046
424
1648
5111
2173
5407
2398
2048
1562
448
2064
2474
3811
601
3556
1607
3339
4107
1494
3087
3767
1937
2347
2457
903
348
4587
4064
1344
4050
4550
993
1446
5063
1675
777
1076
3725
404
1951
4510
2138
4563
3336
1573
2920
374
3400
684
4206
3697
4549
4687
2946
1033
4637
1272
2698
5254
5115
4823
1133
4947
4504
2567
124
3638
132
4317
5411
2537
1540
2587
971
3952
86
3368
4186
1565
488
518
1358
2633
178
1101
129
4155
2860
753
1438
1821
2619
672
1575
1634
3357
4245
1258
4595
3565
808
2298
2793
3608
4793
4181
2060
1659
401
3679
3827
2531
701
1202
94
3756
1627
1441
1901
2579
3354
825
420
3157
4380
1637
2233
4244
5442
504
5353
3312
3667
2851
1172
5114
899
1908
3828
68
180
968
4619
1343
1999
4253
2651
1849
5334
2662
4055
4922
4626
2062
3515
2803
2875
830
1708
5410
1586
4038
2470
3830
4820
2205
2817
4468
3230
2050
315
612
3707
5368
4952
3753
2250
2100
4946
2574
1480
2193
3278
2882
1766
747
3273
4286
4496
258
3099
3323
710
5167
430
5405
1151
307
2641
3361
4171
3192
3480
4801
5277
786
2653
727
2637
3061
3764
646
1711
3968
3430
754
3888
52
781
1313
1516
945
3856
1883
4505
3450
5193
1467
2906
1492
4159
769
3134
770
2088
4096
4878
3655
4615
2289
1095
4653
3752
4153
592
463
1552
3241
2593
1953
3180
3992
3963
2722
1706
618
4062
153
3834
3538
1653
5197
2140
3629
1531
1881
161
677
1592
1989
4873
3611
3777
1377
3058
1080
2746
3370
4682
465
3063
182
4579
2796
2359
4775
3408
4968
2738
3661
1139
951
3571
4860
422
3896
4929
3572
5291
3929
4101
4000
446
4076
1275
3596
841
1785
4246
2708
4676
5191
1510
481
2615
2526
4117
1316
3822
2765
4951
4086
3715
2417
5375
4088
3464
5432
3056
2144
929
3435
3338
2520
5395
978
4624
5434
4239
4500
5001
2689
2405
4083
1370
6
5385
902
855
5340
1822
1666
2336
4957
327
4723
1029
3578
2561
70
5360
2435
275
4678
734
513
3542
3372
4329
995
2853
3695
1806
3861
2942
461
4344
426
2024
4355
4711
679
3907
3986
3348
4606
3616
3582
3835
2596
4768
1658
4174
5134
1274
5121
4127
2993
510
5279
2440
5233
3117
3016
4020
3906
5286
4861
4099
1317
1178
1512
2671
3295
2150
1110
221
2685
905
5073
5439
2451
5261
3574
1741
4072
3004
5077
1865
4191
5333
817
133
1580
1547
3249
4270
4645
1814
2018
2909
4792
4933
3177
2456
1803
1071
2476
609
1911
4644
5341
4053
4700
3804
3930
4469
3319
2594
1252
5363
3854
470
3391
3505
1217
4822
1208
1534
1506
4728
2629
4001
2078
1237
4756
3724
4969
3176
1264
228
2126
2896
886
4668
3632
2469
4149
4899
5007
2945
673
5416
1727
5136
4151
1922
4949
4605
3411
1047
3234
3329
5326
79
3007
49
3254
1435
4591
3969
2334
188
1132
3588
1279
2000
1856
3720
4319
3005
3350
260
3645
1181
5271
286
5253
3154
2306
5116
3807
4157
3282
1754
3893
1583
1812
4673
760
4126
2505
3097
4555
2779
4613
503
1784
5426
892
2190
1890
1304
2493
2870
4990
4353
5018
5320
1970
2266
2036
1456
499
630
460
1897
702
599
650
3665
3945
603
2255
2213
3593
2447
3166
360
715
5166
2687
5107
3852
4863
1701
2096
3568
5299
1684
4943
5284
869
3775
883
2151
5
1686
2329
4893
5146
5198
62
365
1239
324
3387
3326
1309
3627
3710
2913
3622
1946
4250
4506
4049
1077
1905
2763
1709
4650
782
3539
2010
4347
3788
4928
3512
236
2512
3275
1545
827
2107
4525
4183
1529
585
1102
3224
4807
1418
3765
1505
2002
1497
2105
4724
3151
3416
2558
1691
4795
1367
2791
4633
4436
3060
2981
2345
4287
2777
1009
3038
980
3106
1285
5113
2683
4377
707
2911
1671
3855
1353
865
4733
3651
1176
5098
1672
3503
4193
2234
5208
774
5212
2585
3353
2013
5126
5070
2257
2075
1998
1719
1944
1439
2438
3330
731
1570
443
4987
5228
4901
3067
871
5131
857
3136
2926
4757
18
716
4402
3712
375
1744
3375
742
4225
3248
369
3780
2356
3742
551
4859
1621
2865
390
985
3347
1847
3196
3845
1210
835
3594
3069
1593
2104
4205
1096
2228
5186
2893
2162
3268
498
4327
4216
3431
4958
516
2938
581
3917
691
4648
3150
5242
4391
4282
4574
2183
2346
3614
5328
999
1432
4689
1325
5161
772
4614
5285
1971
2855
4817
521
1160
3179
3943
2354
2921
2201
1292
1361
111
5095
2299
5329
3548
146
1384
1787
5300
4202
2786
5104
240
2450
163
2845
2196
4926
3213
2605
1877
4048
937
4766
544
733
1109
4847
3769
274
2769
3164
4780
4100
1162
3045
3966
3418
1501
3271
2848
1934
2098
4372
4628
4984
1499
2429
4737
2500
1062
3047
1278
3466
4923
1015
277
741
1604
2766
372
5370
4889
2799
4450
368
4340
1518
4809
2756
3374
95
222
1063
1296
2237
4367
5354
5380
3922
2816
4010
3885
198
5348
4036
4071
4459
1345
493
476
500
5234
1007
2419
2367
3771
3293
2632
4232
2832
1520
686
4515
3643
3112
4759
4374
3118
3882
5403
894
2455
3750
1952
4575
3255
1640
635
5138
4476
3844
2014
3584
1420
4466
4698
5390
3621
4135
4931
2888
3266
1590
5145
4311
5132
610
5293
1454
3318
579
2646
3393
1194
1530
1948
1679
1037
421
3187
2258
3735
3647
2952
5362
3334
4454
1656
3054
958
4414
2547
254
1825
2730
1070
4480
4647
4602
4630
2523
4797
2377
2291
4918
2034
3084
2166
2330
1519
1930
1756
5400
4844
4304
5350
2145
4530
2569
4257
1387
2358
2857
3424
344
1142
1641
867
2749
4501
5123
2467
4594
5441
2667
3429
5359
2509
4314
2657
4667
4177
4755
3925
1507
4363
3003
5177
1994
970
3708
2483
2866
4477
4041
4868
3053
3341
3190
595
3957
3412
570
4338
2130
4870
451
3816
2883
5034
3759
2557
2827
3109
2410
1086
1300
5421
2076
1553
5017
3937
1559
5052
3302
252
477
2332
432
1987
3244
1815
605
3530
4073
2639
3939
3758
5200
1670
4585
2497
2001
4296
126
66
3290
3774
1183
1872
1150
4835
5232
4393
555
4054
3305
5361
4765
2340
3094
793
4819
3948
3147
3333
1482
4037
2312
1969
2744
2427
2293
5425
5051
4625
593
3674
2889
740
2655
2039
2880
2939
72
4285
2680
3025
2810
1569
1669
2669
569
1589
3496
399
2513
1397
822
1739
2229
1820
908
3776
622
4764
1817
177
4529
5060
4074
4761
2898
3152
1600
2480
1789
2874
1291
712
2365
668
3483
3052
1712
4310
3579
3867
1164
2836
5451
4075
3442
408
4094
4221
1165
4762
3474
1406
3564
5243
2788
4582
4758
225
1473
2402
1087
3909
3423
3227
3130
2026
642
4666
3537
2524
2551
5314
2434
1649
1928
249
2475
2134
1693
543
3513
1945
988
2584
3269
4846
1639
4627
667
5190
2916
842
2783
885
639
4616
1049
3823
2760
4935
2847
73
5382
1180
3870
1779
918
287
1474
949
4693
140
2231
3238
1705
3388
5081
2943
1103
1056
5203
1282
3624
4474
4158
1664
2313
4483
887
116
4040
4078
2042
1200
5387
647
410
4022
2373
436
1723
2245
4495
1681
2209
1173
4059
3332
4325
3600
789
2785
981
3110
1923
3425
2225
4566
3686
3693
3017
2922
5223
1662
4752
4061
3887
3316
5155
3964
3139
3491
3919
5290
678
3344
4381
1743
3259
4016
3283
4642
3392
2536
298
4881
2869
1471
415
290
2342
1853
5224
4382
1818
4417
973
3913
5195
1563
1320
2420
1476
437
3077
2121
3903
2748
1249
2400
2918
614
534
156
5438
5373
1419
3105
4458
602
5072
4455
3733
1584
4834
431
2242
1813
3080
4308
5103
3726
920
3628
5172
2764
4988
3698
452
4945
380
3198
4142
2995
1283
3859
4136
2931
376
4825
2303
2674
2119
71
1977
2802
2804
4883
318
767
3603
2973
4569
237
4518
1155
4134
1725
3563
2421
183
719
5135
1342
1581
2709
4601
4005
5083
3460
3233
5028
4268
1231
3219
4438
652
3506
22
2614
3217
2539
4617
311
2353
3783
1116
2124
5216
1950
514
1394
664
5230
1869
5399
553
5183
5057
4540
690
1972
1864
864
5272
4827
2978
2411
4291
3940
3926
173
203
766
4449
2638
2285
3465
3432
3014
2985
1052
1297
4281
4972
5101
1613
2664
3010
3666
242
2176
1450
763
563
255
3178
4939
398
687
1280
4641
3989
1773
2821
1568
1772
186
3702
1442
1974
2252
4750
2281
3860
2314
3107
851
1536
2282
4646
2327
1378
162
235
1489
1050
4671
4729
537
1410
34
2620
1594
2577
98
525
5310
25
3321
2989
4599
1306
3222
2969
591
2265
4230
2971
2496
1115
3096
172
5182
3557
3091
102
787
3567
3519
5050
3635
4364
1752
4734
648
4052
1614
3085
425
4716
170
805
3493
3967
4995
20
4976
2705
992
5440
2056
2375
1609
1871
241
749
1900
2246
1224
2745
193
811
928
4556
1215
2123
5033
3383
3137
5287
2979
1371
100
321
1445
2322
3059
4302
964
785
2609
2485
5097
3309
4003
289
3355
5296
1228
1190
1738
3263
1926
2063
2029
575
572
3673
382
4709
3343
1195
2525
3974
5156
473
4129
4404
1034
31
1809
794
932
2372
2385
226
1268
1867
200
309
1763
4323
4405
2495
758
2688
5352
927
1620
2982
4403
1896
2103
5026
2895
4509
416
877
3216
1355
383
891
1612
4249
3918
3773
2549
750
2742
5178
1083
2670
3591
4544
3763
4418
4390
2238
3972
3167
4487
950
3731
3447
4906
2864
2041
3468
3778
2235
4396
48
308
4547
2581
2603
3236
1894
5090
1770
4535
3298
441
957
4080
2740
5064
1293
191
4288
2071
1617
5127
4623
4332
1238
3685
1902
5221
138
4974
2519
4341
5014
706
2307
5437
4754
1722
4902
109
3194
4791
195
2522
866
4538
2840
4517
4708
99
1761
3191
2047
1931
1571
751
4337
4938
4266
3516
341
409
435
5067
5327
1057
3785
5065
4783
3489
2269
21
4848
2129
5276
1991
4138
2244
4629
2111
4706
5040
3810
3409
2825
5259
4720
2286
3127
2837
4320
1074
4431
4789
1650
1372
505
2583
868
2962
5141
2964
1746
381
2016
1572
4445
5027
1918
5324
4278
96
5153
1350
5013
2955
5245
1668
3797
3201
1826
4683
2598
342
3851
3615
2631
197
2051
4808
2259
1035
4942
2363
2806
3300
4349
204
1005
654
2160
1855
1966
1141
2858
1169
2794
2533
4416
1831
1250
4283
5415
2191
2792
1764
1000
3366
4592
2693
4651
1602
2331
4140
3297
244
1892
1927
1331
1759
485
2961
834
840
5307
3267
1137
583
2710
3018
47
1753
1913
3028
2396
3669
558
4313
2735
1459
1393
2963
5246
596
159
2809
3921
4897
4890
4527
3026
1786
519
916
4102
5106
3476
1360
4879
3445
3121
5239
224
1477
670
4081
4442
3981
1092
809
2339
1149
2773
5194
2277
2572
278
3322
3379
3793
531
1244
4456
1452
82
4009
3849
2206
3826
1223
2422
939
4213
5021
3514
606
3730
26
2595
4265
1348
1145
3895
1997
4290
419
4031
810
4133
2636
5016
5266
2431
3873
4607
4824
2309
5315
1790
2518
5093
4874
90
9
217
2824
2947
3978
2216
2093
2439
5248
2770
3243
4233
1702
3433
4123
3965
897
4564
4412
1461
3159
1111
3747
4173
552
861
5042
4854
1211
1740
3131
1848
2790
3169
1990
2699
456
2092
2755
1956
1462
987
2575
284
4358
511
2384
721
2406
1646
3317
3650
1878
5214
2494
3999
1916
4279
1652
4252
3156
3723
1218
4488
2761
1663
1266
1554
5170
3559
2294
352
989
2381
4714
4744
561
1199
467
3934
1625
5413
1567
1478
4559
3960
1680
2602
5082
3232
4576
4805
3820
101
1093
5096
3718
880
4184
1042
1413
2185
2484
2527
1362
2842
1163
2424
4429
3245
2189
3728
4365
5252
2501
4526
3951
2894
1465
458
2795
942
3050
5418
580
4043
1893
2163
1262
4447
2844
2649
1311
337
1618
5068
5128
1351
2155
3199
1354
1008
5148
3744
4056
4604
3803
4583
3265
2992
1338
1267
2717
5374
3124
1075
4760
3858
3605
3143
1209
1191
1347
3114
502
3116
2877
5391
3378
5089
1942
2407
2568
4473
3781
2153
3146
4546
1873
675
1533
5069
1704
1415
724
1654
4182
2292
3566
3315
532
1647
1185
3549
2829
5202
3132
1379
3802
3108
1765
2357
3002
3406
4261
5078
403
3806
3766
330
5006
2090
966
4098
4271
0
689
23
574
121
2017
4439
2389
4533
4029
3171
624
1064
3580
5220
2903
4742
1484
3202
527
2328
735
1189
4423
3692
3879
3947
1146
909
8
2697
5125
208
351
765
925
1698
1615
1390
3471
3253
3256
1041
2548
3214
3479
1525
2881
554
378
3453
3755
5343
2118
54
895
616
1105
4441
3182
4345
65
492
4410
1907
4836
4200
2453
1834
2444
4710
3115
3205
1683
2437
872
2171
4983
5092
5283
2418
3292
4235
4982
2511
2386
1932
2412
1051
2586
4841
1003
80
1980
2719
879
764
4804
2626
4427
1635
4680
2073
4611
1676
738
2912
2379
5120
2660
4593
1667
4315
179
2147
651
3279
3204
4475
597
4211
3687
2879
3585
5061
5124
5142
4217
3274
5154
4705
2623
2691
2937
4413
312
3072
1340
3149
5091
4125
1197
4002
2977
5012
5071
5100
2807
3340
4356
3444
1631
2974
89
4460
2221
1700
3998
5257
5269
889
3497
659
1788
4554
158
3034
247
4335
4146
1337
3847
5305
1852
4300
3484
1085
2490
2487
1742
4408
2925
4921
946
847
2300
2023
4395
3535
38
4747
270
4013
4978
157
3955
3294
2035
2481
3158
2994
1728
2068
2652
694
1206
4588
1449
2811
4838
2940
189
3713
1645
4532
4226
4702
349
5241
952
1196
4019
5032
354
2274
14
4787
2368
3883
1287
4461
2049
3928
3478
517
3905
1440
752
1112
3089
5055
83
832
3975
1055
2037
1938
2446
5325
1058
3676
4572
4779
469
5176
2186
3449
2471
32
53
4562
2390
4021
2414
118
2458
2996
1503
5393
1496
726
1582
1943
4654
4596
3784
2571
3394
3434
3554
36
3523
3904
2302
245
3509
4419
3065
227
1251
468
1157
1002
3438
2677
1327
4132
2859
4514
5288
674
1374
1879
434
1
3833
4106
2543
912
5344
5406
3636
1731
3281
3142
2074
229
5225
412
3419
910
2279
1502
876
1579
3517
813
803
2222
3193
3688
3427
1212
4688
238
1795
4351
3405
2846
2261
269
1447
3575
346
5043
5037
4326
3046
2413
2625
2236
3482
1234
4828
3997
3543
3162
4833
1289
3610
4839
1884
2044
3356
1363
1156
3458
3683
1714
1690
4858
1870
3590
5265
1288
3033
2452
5147
3195
3789
1341
214
3899
2737
1517
1011
1216
2146
1880
4905
888
998
627
3959
1802
4524
730
4726
2106
166
3457
276
3983
5270
295
413
5129
4465
4478
2634
304
2387
3044
130
2072
2835
3123
2507
3993
5209
4913
2503
281
1606
3417
4979
2326
2046
4722
1858
2082
1016
2590
2271
3527
1628
3320
5262
536
2194
75
3646
3019
797
806
3088
3285
2886
2131
862
643
5031
1026
2890
4725
4872
4960
1253
5020
44
46
1694
1885
3296
5188
1013
1380
3620
911
3689
1924
3595
3144
2868
5389
2148
3362
1941
4832
154
392
977
211
320
457
4855
4774
3657
2195
5332
930
84
323
164
2079
3623
4977
953
2007
2133
1542
4930
644
1925
4116
3501
4992
2116
4944
5213
3098
2323
4215
335
3658
1395
2101
4145
4190
983
78
2224
2627
717
723
280
108
523
282
1551
1318
4276
1895
4457
2436
3451
5319
5003
2904
1768
823
3399
1769
459
2546
2991
836
5140
4669
3057
4085
1829
2692
3469
4810
1644
2488
305
4618
1241
2463
2679
837
3717
2376
844
362
1560
343
5168
5255
386
2308
3821
931
718
5417
818
223
2478
3472
4044
4316
5222
4661
938
2317
3207
2403
3812
4975
3477
4297
4570
3908
4223
1830
3734
3235
3817
3526
5105
1673
5030
560
564
2199
2712
1143
3183
2301
4170
4299
604
394
1957
2612
3659
1201
3862
1398
4122
4167
3671
1305
267
4672
300
4490
5102
1335
3664
4866
2616
3133
3801
5109
123
4950
3376
1295
4521
4620
1427
313
1940
5187
480
829
332
2658
1758
3791
698
1232
1391
363
3552
1308
1967
1243
860
1322
4771
2781
3547
4959
449
1947
3699
3880
4384
2275
5199
4966
2831
755
5311
3551
12
1060
3910
3325
4057
1079
1425
1760
3252
2112
4898
1227
2115
5035
1626
4383
3428
5386
3872
3694
1230
2959
2642
3138
1526
2720
2165
2214
1018
3452
2449
1424
5118
5022
4655
4719
4837
4208
1184
361
3308
3335
1511
4322
4936
1431
3581
2188
4027
2506
2152
5087
1548
1276
4816
3532
5381
2941
3633
3729
3782
3958
3155
2987
1073
1271
1917
4877
1091
4910
3962
215
5218
2030
5152
3352
1874
657
515
3073
2707
965
152
2663
5000
56
1778
3573
2591
948
5058
3525
2953
2204
143
105
3741
2532
2798
906
1749
4222
4815
619
3662
1984
2528
1949
2032
1368
1349
3030
4399
1028
4785
3649
5297
4721
3365
956
4388
2929
209
779
4472
4743
5250
720
4110
838
3606
2839
3546
4749
397
1591
5447
1835
4813
3991
4670
3140
2442
433
15
3819
4077
1981
1713
41
4090
3413
17
5392
4120
2350
5066
4894
407
2025
2861
3066
1357
565
3748
2610
2872
1796
5211
3389
1411
1365
3507
1219
5062
1828
171
1889
250
2393
3946
3051
1810
5054
4920
1168
4732
3165
2510
576
4070
3012
4025
5053
913
795
4560
5039
703
1257
2976
1401
1472
4453
2508
5377
4955
578
2772
4210
175
556
1323
2986
4256
5075
2553
1539
1256
3079
1909
450
43
924
45
5355
1685
3719
4830
713
4298
4763
1024
711
628
695
484
4865
2588
1836
115
5268
4362
3337
2270
3920
3884
3577
2891
4751
3327
1808
1412
3746
2127
4229
705
2628
4635
1186
2057
1964
3704
4499
1899
3454
1601
653
4128
3709
490
4993
1921
5143
331
4309
704
5157
4806
2428
1455
979
3119
2318
2656
2754
139
3371
91
3218
3916
3976
4392
4686
462
2621
1376
3892
3604
1170
2757
4536
251
2468
2097
4066
1732
1992
588
2828
935
2542
1066
1857
5409
1381
4306
2514
4063
3561
2933
5175
3122
1978
3652
4494
4006
3933
4272
1748
3422
2789
268
2179
1175
69
3092
4578
3359
2177
2197
4961
1697
1632
1543
4432
969
623
3956
2260
3570
1687
2174
5289
184
4214
4829
4621
633
2432
429
2460
187
1750
2136
5275
2321
3912
2957
863
1001
4989
479
1610
4264
1260
3900
3188
1400
4204
4178
5336
1460
2061
587
4035
5339
5282
253
176
756
1010
3181
1774
845
2747
2333
1799
4964
453
4334
5449
2217
3684
768
5162
2701
4927
5444
4324
2563
1356
800
4814
926
1021
2003
1771
3637
1513
2218
997
3013
2550
4479
5335
2724
5394
671
3874
2885
1968
5251
3841
3070
4004
4520
1522
3135
487
2823
427
4112
2554
2004
3345
1118
4694
3189
4800
2555
4843
5137
1983
907
2599
1187
393
2924
2180
4840
1392
1807
3075
5165
2070
1875
539
1122
3055
4818
3328
1277
1089
784
3314
1286
4028
4934
5205
3262
4188
5180
5174
5185
2552
1451
1726
3891
4519
3672
3414
4234
1622
246
3403
4121
1527
1468
2582
1248
4799
2371
4739
1307
4168
2349
2878
3815
1842
338
4589
4581
63
3754
2618
1988
1721
562
3126
5004
285
4350
3226
1443
1623
64
1453
3062
5158
1375
921
4275
370
5294
2589
4994
1854
996
549
1148
4516
1054
1891
3558
882
5094
3994
1470
3680
2117
2009
4857
2223
3625
3185
3617
1598
3385
3942
1373
1385
4679
4218
4014
5189
4885
2102
219
131
1396
5433
4786
117
557
4463
2873
3529
1509
3246
2215
4045
1328
757
2876
5318
3401
2972
4379
3534
736
1025
359
310
3439
491
1783
875
144
5025
3808
4243
547
4802
1423
4919
4622
3654
358
3876
3277
1561
5008
2782
4997
3941
524
345
1578
1688
4307
4485
4095
3289
4248
3242
1903
3805
4114
3607
3988
1108
2814
1416
279
676
5159
1152
273
2607
4030
1242
3864
1757
4954
1332
2960
3086
303
4862
367
1603
2580
1508
870
402
2415
2203
776
472
4715
4220
3103
5412
5088
3898
1027
4543
3396
4058
4612
1485
1031
4179
852
5356
3677
2566
2031
3128
489
5317
4067
4387
923
3421
5229
4738
2611
4386
2253
1334
1329
355
5108
3739
4255
2069
2443
3083
3682
1481
542
3021
405
5408
3211
934
2645
2038
2486
5047
780
3716
2576
3467
4141
1346
3111
3996
4068
848
1986
2491
1514
3521
2504
328
732
3787
529
1153
1982
2461
4537
4692
2907
114
3886
1240
496
384
1515
4295
3023
3760
1566
5112
1564
1985
4778
1436
3799
181
3792
3382
2276
5249
3231
2934
2944
637
1876
4660
4713
4209
2012
4144
3863
4603
1919
4357
3395
2892
3000
743
1403
4032
2901
3313
3714
1088
1577
4981
688
5038
2391
2887
4026
4597
3490
1975
626
2033
5236
3426
2192
5436
1129
4156
2232
4147
1745
1207
2015
2624
3510
1078
1523
1585
762
259
4548
3037
4794
1524
2251
3727
1767
896
5002
4636
3020
262
2718
4015
442
4884
2054
4165
92
2320
3722
1430
3612
2268
904
107
2819
5342
5084
4462
3027
1886
3272
1910
455
4925
1599
3215
1780
454
194
3691
4657
1421
1205
5150
804
1098
1804
2928
1117
967
2430
4
2143
5429
4681
4962
2280
975
2169
4580
4701
3902
1221
243
3102
1483
617
4730
3043
4039
4887
4124
4690
2184
1920
631
1114
2344
1399
4663
3208
1887
2020
608
4675
3303
299
1136
3377
5117
4371
4699
4018
3260
2156
2239
2967
1914
4470
4696
58
3800
2355
3437
81
4440
1448
494
1019
3100
4330
1090
3009
256
5024
2984
4948
541
2980
1464
1053
1254
566
356
1521
5023
2923
1960
1298
3814
3032
317
849
854
4703
3732
1405
1979
5401
3971
5122
4164
1633
3619
2341
1843
2818
5163
3240
5435
4199
1611
3502
4301
665
3795
850
3875
5201
533
1106
3813
291
5303
33
3380
1235
3541
4195
1636
1710
3656
3711
584
2052
4528
2040
2648
388
3670
2706
2805
4169
5164
113
1846
3440
27
4489
257
3508
1414
2654
2608
1682
2324
1126
2830
2343
1284
1904
3200
417
4577
799
387
4782
4394
1549
611
4262
2601
3540
545
1364
3369
4148
1302
2283
2109
2998
2087
5424
3522
820
5450
4909
4378
74
1036
3250
5372
3675
3481
2433
881
1933
5169
5337
1366
3448
4258
3306
4343
3853
2086
1996
874
3485
1797
1860
878
4665
4464
1665
4240
4207
2640
2288
1782
1233
4850
2066
1500
4731
2800
594
373
2867
2080
632
4773
963
4197
5422
232
2535
2780
220
759
3364
4424
190
1707
1794
3068
1629
2997
873
3832
1824
3174
2392
2534
2711
76
3035
3738
2862
4277
728
990
2935
4444
1014
3258
3586
119
3914
2604
29
5292
843
28
3597
1104
2988
4903
5383
3613
1781
3701
2915
3511
2727
1213
2273
174
