4427
3225
8455
6561
1177
1612
3094
4357
10201
7103
1031
4807
2558
10005
2398
4124
9404
6056
11881
8593
3105
8180
4379
5010
5713
2509
3871
9277
5695
6296
12476
3769
10444
11450
1404
11707
1670
178
8511
11354
2806
5387
3698
2981
638
207
6463
8641
6093
4883
11669
2096
3349
5200
9459
11321
2154
3048
5315
6740
10230
582
6409
12328
4197
5682
5763
8181
11226
1899
1155
1221
1993
7353
5803
10363
5947
11229
8682
11271
1985
11909
3514
9956
11202
12749
578
5097
7075
114
3963
195
2092
2365
5535
1905
1651
2436
11629
2024
7660
3768
2842
500
6784
7948
11793
6365
1610
1413
10566
10748
8219
244
7509
11293
12460
5916
7757
9435
3681
3886
4044
9450
826
5029
11911
1841
12585
8137
5806
4152
4641
9378
7771
9210
12866
9655
6632
1862
11942
10798
9219
10983
5307
6605
2144
9493
6424
4144
6228
12821
12256
10299
1912
2710
8563
7330
7630
7568
11740
2775
4057
6690
10795
4858
10251
10313
11564
1473
7745
4253
9329
4156
2797
2358
8562
9800
3348
5256
5311
8038
511
5360
12844
12921
9456
11871
9217
8700
10043
1140
12963
978
1726
1468
9941
1284
888
8956
11854
7093
5142
766
3142
1361
6309
1786
4125
4444
4204
2921
4713
3362
7158
8719
808
8643
3266
1078
7053
11403
11897
13008
10847
8880
8285
278
8016
12426
12924
5419
2406
9556
10219
7037
6264
11674
10159
973
5398
12119
12103
3522
933
6172
6500
11022
12701
7856
4221
10068
5138
9021
11823
2689
8710
10784
12234
10716
1762
1267
9676
112
3196
1228
1285
1671
8870
12565
5600
2695
8712
11946
2200
2090
2461
5503
4557
6454
8660
5798
8397
10004
10544
2041
8552
1315
10673
10513
10976
5508
5560
563
8107
909
6523
7138
2787
9272
5221
4207
902
1558
7520
10554
1525
3851
4263
9791
3079
2417
2759
9268
2311
11289
5438
12041
3483
2755
9262
10531
5580
5070
10327
12145
4408
5621
10253
3327
6674
12986
3794
8462
8061
6848
8949
1648
12652
9702
2269
5500
7941
9995
2443
5587
3508
603
12456
7786
9829
10774
7429
9449
4511
9354
12477
1452
9291
1299
1524
12373
7166
6472
11366
4088
8995
712
10583
2351
4539
3114
12374
5244
7380
8669
3030
5920
1659
135
11458
8898
7257
802
3463
4932
9530
6435
12355
10942
932
7276
12358
11628
6705
11137
256
10726
10948
5513
8848
4792
10935
7212
10318
6602
8271
9997
6257
3291
4788
9912
4218
968
2549
6772
289
7199
11395
8649
5716
10126
2572
6779
3758
13073
9353
4954
7102
4995
7226
10140
2891
7342
11394
3883
11888
717
10654
7511
7980
850
3877
884
2503
573
4767
9328
5940
4421
3868
2282
9610
4711
7357
7346
12649
10889
8317
11051
2370
8594
545
10650
6386
4445
11877
11398
369
6408
2022
8276
5829
1506
348
5756
12081
2163
9901
10245
12035
103
9907
5858
7216
12331
5946
1476
2243
6945
10731
5065
11300
4247
9319
2598
5399
5267
13020
93
8910
1653
3037
10890
1601
9246
3659
12985
9428
12829
10797
7358
5236
128
7270
11296
2939
5787
10693
1538
5114
11996
4781
2894
11994
6600
4712
10037
2809
8592
8199
381
12765
285
11536
9741
7572
12672
12932
6609
3915
57
3080
4575
12890
1991
483
8467
453
12861
4429
12492
7022
11533
11391
9400
2108
11542
8422
2159
12458
2696
1241
1536
12741
9484
12391
5282
3618
6544
2597
9627
2599
6695
7422
9101
12441
4255
4748
702
3614
5653
31
1381
12988
5853
7365
11672
10937
12693
3938
4108
10900
12076
119
2565
11356
855
10134
463
11673
5702
9127
11208
5942
9448
11287
5729
9522
6497
2306
1500
7423
4578
8907
10630
9100
2446
10449
5253
9746
7965
7661
1816
13031
2687
7498
11368
2881
3501
9547
9563
6227
3447
12544
1950
6326
10851
13063
7141
2660
791
2305
8160
515
9158
9288
1528
10137
4603
5324
651
3302
1406
2002
12166
5719
8861
13043
11477
4961
7191
4551
5892
9961
7783
8942
8440
13075
8116
2266
11376
898
9985
8982
11197
1109
11872
8286
3122
5036
6533
7019
7551
6259
1198
3632
1556
11710
11661
5572
2913
1572
8749
2379
12683
9611
11682
12856
5247
11417
2750
12251
627
8136
11050
349
7918
6617
10500
1848
1119
5869
6195
3452
10844
6162
8085
5125
9862
5720
3993
5257
2532
255
518
12718
8573
9986
3793
12168
7259
9279
10526
5975
4745
2151
6149
4838
11003
8367
11865
10357
4757
8867
3954
12767
3271
12349
7410
10055
7200
7846
746
1499
7026
6527
1251
7233
10443
8358
3377
10760
7683
2233
6014
5959
9009
3813
5881
1110
3231
3562
9137
12778
3000
13029
2751
11709
1166
6452
874
12200
4747
12437
961
8988
1586
12680
373
11525
1727
8801
9161
8290
5606
8587
10263
4573
5930
10691
12259
12527
344
7117
9669
8943
7711
5846
6899
5497
2910
7266
12118
1928
3928
4131
8906
4434
1820
5281
8110
4019
1952
4842
688
2523
9794
6940
7268
1750
11341
7265
4092
924
2295
10836
3754
1942
2222
12641
1088
10864
5145
11603
1792
174
7612
5528
10922
7891
853
2130
10133
12703
4439
4374
4068
10553
2331
8994
12388
10314
2039
1924
805
1261
1125
10116
4951
10430
11681
10032
8336
3084
5460
6920
974
4304
564
11164
11943
8464
2837
10046
12474
2916
3987
3263
11091
9756
8800
6407
6739
8255
2588
11680
5733
10271
12578
6979
105
9383
11869
10177
9711
6933
6044
10187
9194
6181
9886
12818
11990
10291
6542
7497
7440
5871
12591
359
9289
3634
9497
12218
4060
2865
1672
12803
2127
7614
1054
9478
12100
9374
8456
5679
7023
2512
11918
5180
4965
10014
7901
7897
12863
3259
798
7537
8301
282
3917
485
12494
9236
8952
2410
7731
13065
9750
10656
8140
8012
2385
1193
1537
2767
5689
10452
7130
12335
7083
1300
868
4633
12520
13070
8425
2431
12895
12823
3208
2890
10052
3834
5133
10695
3989
3742
7887
6997
1093
1057
664
4778
6179
1387
6915
5844
3599
9764
12904
6664
554
18
10132
5478
3239
7814
9440
6751
9371
983
498
2340
3371
10381
11080
3746
7339
556
2989
8231
8389
51
10803
5705
365
6374
11265
4210
11988
1105
9591
2793
8990
13017
4787
2454
9431
8802
6869
7455
12593
4425
3185
6473
906
8763
4465
876
10389
10026
5434
3511
2738
7680
6810
7545
5762
8120
11769
6865
11443
5335
11787
10871
7720
11250
415
4423
4649
8748
2511
10773
7477
9725
7415
2874
3077
4443
2725
550
12333
6142
3897
11276
9739
12380
141
4438
7678
5072
1858
2067
4504
4680
5538
2802
8777
12278
9443
4839
8019
2563
10146
3297
10244
3969
4099
8109
11847
5755
12968
12840
3381
753
3849
6176
1540
5280
5675
6792
580
10920
8284
5783
6852
11958
4022
8904
11948
6987
9213
9324
10605
6425
5182
11073
2514
3393
5773
5811
1397
11807
12687
5601
6850
9630
165
9945
2262
6199
6159
12475
1311
11750
12146
10870
1455
11154
4601
12525
9683
10629
7101
6754
11961
9486
4586
12480
5484
8767
5156
7341
3543
1559
3237
10429
11108
10928
2221
10002
4699
1946
1873
2839
96
1289
3057
407
8123
7056
2490
11481
6814
4770
11491
2211
10578
5452
6529
1984
6858
12448
12288
3566
1643
7456
12176
11660
9393
7500
2452
30
12599
12054
124
4930
9115
3548
6275
9142
5664
772
3855
12726
6433
789
12275
7768
11964
11632
3467
1600
698
8152
1616
4914
5926
6857
8232
6185
9951
11745
1461
4964
549
12283
6208
12912
689
11198
7077
11210
12401
1894
10675
10411
13061
535
4366
8747
646
8275
10044
1999
5384
9367
817
10936
6468
12755
4041
6924
12831
12319
12643
2375
12503
5651
10794
15
11812
5794
4676
1982
5477
12721
3903
6080
12509
2562
6555
10789
7550
2967
12763
4734
345
6864
10516
3593
9657
8316
5597
4619
4999
4426
1725
6000
1043
8718
5003
1134
8831
5079
6659
12472
9577
1220
8305
7338
5986
8589
6328
4371
869
6874
8497
3906
8335
3462
163
1205
9503
11623
3276
8556
8226
11030
1763
6643
3133
5271
11775
3785
6321
1148
12983
4939
9909
11101
3399
12398
6900
10897
1979
3889
7836
4140
6639
7739
12879
5764
248
13030
3873
1791
2492
33
3213
2908
12165
866
7043
12819
11012
8681
10334
5273
989
11351
3652
7173
10150
6046
11406
11562
11749
8415
11794
45
3458
6854
2840
11320
6446
10857
9830
11282
1761
2723
4752
11427
8797
6694
11512
7698
4382
11652
230
10769
1736
7867
3341
6608
12811
11962
3434
3378
2655
4264
8148
10959
55
7298
8385
1433
3389
879
8495
5179
8736
2650
10849
8604
10581
12870
8596
10181
12485
6377
7413
9310
7136
11162
5848
7894
11036
4655
10155
7035
2724
10874
12372
5222
10872
807
4561
7549
5502
6035
1069
5767
1640
6498
8448
2310
6331
10979
2818
655
4376
8017
3705
7305
5344
10448
975
6585
8145
3685
2888
3323
6971
1336
3576
4293
10439
6393
3751
10533
5492
4789
1377
10225
1808
1888
12082
5518
6596
10930
1235
7915
8365
13069
6143
6549
11480
584
12606
3557
1590
10777
10854
4239
4675
8300
6071
10293
4760
908
9998
3846
4503
4024
3899
5443
10399
1209
1489
12224
7640
9012
12868
11135
5102
8786
4301
10550
2032
11454
5906
10509
3861
2545
5998
10182
9192
12660
2458
5781
8356
8355
12068
1869
8126
10662
5574
11798
8347
12937
12309
6444
5575
12673
2571
12655
6171
1233
8635
12353
9052
600
4790
3696
1037
7914
8931
3978
1111
11034
9514
9896
107
11039
4192
8701
6743
2228
9485
9787
6318
6085
10830
5466
4881
229
6397
11355
12541
1087
2728
3990
2819
10229
12667
9517
10335
10623
1108
1972
6652
4827
667
9555
4640
1120
12491
12873
10825
8119
2843
143
3518
6342
2327
4990
3366
10468
7946
541
4422
11695
9455
10158
1561
9586
7220
3707
10850
10250
12155
12521
3347
12365
3369
6532
157
2814
2851
10977
6278
11088
5618
5532
6856
1331
12952
6213
6699
11618
9879
3251
3099
8553
12304
6124
2056
6447
2907
1856
370
2923
12329
1930
10932
11697
9290
9973
881
8840
4411
7652
9811
9905
10303
7636
10212
10506
7911
666
11822
4975
11464
6972
7878
12473
7555
2404
6905
3385
10806
12645
3733
8757
1335
11435
10757
2278
5941
3383
4231
5147
3567
12984
10557
12192
4495
12094
4009
4089
4047
11573
3326
825
121
10739
4738
4850
12504
11479
11541
10840
8582
12111
7667
9723
11779
871
12533
811
3214
11345
12258
4402
1313
11838
1956
11849
4115
1624
4916
12018
3022
8008
1170
7503
9002
9650
420
2997
8505
9256
9130
3872
3361
5997
10274
293
12209
12867
8964
1143
12060
1715
1615
821
5293
1646
682
7401
9506
9933
11590
8568
7135
8785
9733
5411
9413
1135
7872
3445
10466
12637
11441
9419
3376
6847
10188
9606
6356
4879
7623
5945
3936
2329
4476
11619
9125
1501
8166
4909
1417
11783
8647
12852
6729
6461
3933
4241
10567
8354
8636
3799
9462
8851
9701
4487
1565
8408
10234
1448
3866
4456
1730
5107
12427
9931
12246
2145
7078
5632
5856
6131
3330
9841
1691
11510
11593
3154
2586
7619
2899
11543
11482
659
6087
9301
8183
7764
2957
7926
7094
8771
6581
10060
11338
1479
11952
6270
6723
1907
5555
213
7156
6459
758
3482
13037
10266
8666
9008
43
10031
4244
8478
3810
3891
12666
7728
9473
3407
11248
7673
5042
4873
8550
12946
7484
8865
5834
6746
4469
11151
3574
7759
12857
5057
11256
5996
11264
11006
6599
12812
2972
264
7579
2742
12006
11883
2721
8055
7369
3315
4395
11834
1949
3976
8257
1534
6443
8790
5775
9804
5234
8655
7924
9923
7310
7850
4257
1966
2291
5217
9592
4360
9067
5317
1864
5623
7281
3888
6147
10257
10394
7110
2846
8540
3662
5391
12662
3234
945
2320
12015
9477
12805
10437
9030
6017
616
6431
8141
12549
3687
5816
5445
8508
1318
2841
9331
6111
7696
277
2418
5727
2861
12151
491
7581
11800
953
12088
6663
3819
7153
2011
6138
9264
12296
8873
2553
4528
8577
6975
7425
7350
11257
11544
8993
1602
464
7576
3831
3350
854
10510
10527
9917
12889
7299
12406
4232
579
2971
6689
9454
9836
8677
2520
4165
5017
5214
11970
660
12266
8483
6524
5619
4051
11429
12112
8307
3233
12187
5050
12563
2951
9349
6811
8080
3438
7729
6815
13041
981
5229
6984
7176
6462
6755
7331
8201
451
1102
11774
8630
497
10364
2433
12007
5589
10110
12915
762
7790
3782
7454
104
11820
2135
9828
9865
12417
12964
9632
6786
1200
6733
7828
2025
11592
2517
3088
3791
12910
9595
5426
5215
2974
5912
10713
7609
2808
5012
340
9705
7388
11726
5732
8888
3688
6099
1599
8779
7582
10813
6330
5576
11650
8049
7876
5517
2435
10189
523
10758
10971
2157
4859
628
4552
10112
2853
2044
6098
11068
9098
6525
12186
8856
6173
2868
12976
12791
11132
4090
11527
3714
9755
4550
12839
1614
218
7004
7188
1044
1211
5827
622
3660
2354
7106
9297
6229
4502
4840
9482
10590
2257
5878
5055
623
4541
11864
9549
8731
4602
4560
6373
2515
1745
614
4284
6870
2361
4229
8243
1771
4005
505
956
7791
7121
4941
4773
12540
6233
1062
425
8396
4659
7306
9365
12430
11424
9844
10365
12548
2134
1781
8858
754
5166
1860
10280
8273
12157
4094
2659
8654
3177
6404
4364
6243
1594
11497
12369
6931
6279
7596
3014
8350
10858
226
12801
10331
12602
3112
5939
12834
7637
9817
3269
11315
7197
5380
10179
12678
5882
1460
5628
4668
3975
617
87
4769
3536
11223
5365
11149
7863
7931
2568
7100
6741
11058
10355
427
8236
671
8646
2556
12423
9544
8386
6715
9572
11665
9546
12377
2658
8013
8225
1744
7519
5230
9105
9094
1474
1349
7679
7658
1016
10109
10017
11677
11349
3439
2920
12798
2110
454
8817
5488
2336
12827
1458
1832
2362
6339
6922
8362
1920
7172
5567
384
6563
10997
11374
4595
9209
10515
5841
7105
9513
5903
5099
7255
5152
3279
8105
247
7303
12126
625
5923
4631
9535
1656
5049
3664
12920
4737
10659
11421
11494
6991
5220
2150
6198
11231
1809
2506
7195
5604
3636
11776
3023
5175
7528
7715
5985
6687
4189
5509
5531
8357
480
12530
10829
4982
5956
11415
8726
9111
10473
7020
4577
3340
7702
10999
354
6081
3055
329
635
8608
3
4344
7167
7032
5669
3929
4723
6065
2178
8363
4774
10063
3750
3336
11396
10735
12797
10543
7036
7875
9587
4025
4910
5728
7356
10973
1582
12743
5636
829
7092
8737
6919
12551
12105
3486
1596
3149
7159
10233
8941
8407
8688
2028
7522
6161
9046
12439
10053
2776
3950
7111
6151
1652
7826
6501
11076
9834
3431
643
2001
3207
6980
1405
12572
4647
12796
3607
1796
5068
8314
2760
10344
3792
650
739
8832
2238
4868
2210
976
97
470
11189
7998
11
333
12633
8685
3700
3332
12008
12371
10893
2241
9000
6481
8599
8834
12124
5458
12770
3635
6646
10328
504
11639
4548
4639
11009
6536
8729
4419
2037
6292
6464
10952
5250
11200
12955
205
115
5207
12777
9866
11878
5648
11066
4837
10848
7261
6349
1422
10024
4861
8652
1627
5938
11233
3583
12888
2034
4834
3416
7493
8622
11635
5598
2372
6965
12090
7922
4184
3020
8479
11882
12757
11913
11046
11563
728
1008
9376
3205
11065
11499
8762
11636
10232
4598
6488
2390
3610
1793
11699
7193
6670
7988
208
1916
8194
7981
11432
11130
6416
5290
12500
10142
12825
7523
6662
6234
5634
2284
1301
1751
9760
12061
1626
4328
308
7405
7115
6152
3578
10049
4281
1060
10690
3979
632
2101
4333
3125
10407
13050
12129
11998
838
12493
5708
11997
6054
9090
4898
9557
2076
6717
3789
6003
6942
1034
1535
4285
11439
11816
3286
1968
875
8212
10655
459
5212
1542
1622
10463
2059
6412
1532
4262
12330
5862
506
3166
8633
10960
10508
4087
8845
10404
363
12621
3860
7235
1162
13051
9296
11240
12631
9069
11605
7373
12639
198
3724
11261
4803
12078
9
5168
3778
7530
10653
11550
9212
12255
11388
1521
6118
7837
5423
3520
9743
9633
11184
11832
6480
7214
9028
6351
12945
1780
4014
6222
5925
3534
1353
7293
6304
4475
6050
1410
189
6763
8957
4171
8117
5000
5812
5158
560
3412
404
7072
7232
7724
13053
8060
9321
6728
5021
2137
12594
2279
11343
10446
5194
6574
8039
1348
3074
8465
1091
12948
10643
8370
4295
12245
8671
3351
12342
10702
9768
2328
7391
1084
8538
6137
10785
156
8472
2589
6955
12936
11792
8776
5876
3686
4163
11196
9740
10667
5428
1097
10193
3893
3680
8504
8534
11156
11408
4875
10480
8944
11933
6503
181
7574
8098
12981
5883
9852
526
4198
4313
7690
3625
2407
6092
960
9658
2618
12880
12860
3243
7082
9424
9237
1611
5641
3959
6939
9198
4814
3753
2672
10054
10745
9355
1322
12806
4517
6197
12989
11103
7987
11112
997
10427
4143
3305
10628
12837
8388
10524
7171
1429
11508
4865
3001
2934
10699
4901
3360
9037
160
1070
4674
7780
6207
9270
7060
4835
2863
2561
10558
8283
9073
1571
134
9427
5456
10602
2248
12605
12554
10680
10057
2146
148
10518
2613
397
13062
6808
11461
4606
1375
11937
12005
2499
7139
4687
12000
10467
5849
7943
8613
1876
7781
4931
11507
4489
9196
11515
4176
8754
319
8443
9857
9266
2227
13026
2225
5204
13055
10246
8650
3047
9086
8557
10940
6641
10304
2960
5855
1407
10755
9083
11577
4075
7231
10176
10207
6883
2980
10945
11167
1113
7417
6627
9260
2347
3009
6075
6830
3339
8288
10754
10498
11926
3006
7475
5554
4365
11502
5893
7308
7588
3475
1935
11689
4806
1130
9899
7064
5262
10180
4986
2968
9874
8722
2530
8195
6182
6288
3148
7995
11630
3410
4448
4446
9737
433
6058
8429
6030
5170
2933
2357
1202
4407
10613
12783
12804
7842
9582
10438
2688
13082
9738
3002
5793
3553
10476
1287
5907
8413
8289
7823
182
11075
9877
1260
1782
106
594
2584
13054
2409
10310
2694
12312
3545
1570
12884
1207
306
6375
12051
7570
9053
6573
10728
11404
10778
2866
5701
10998
2083
3270
2740
1061
3290
4543
351
6010
11981
11613
8132
8224
5660
7920
10994
8506
6449
4860
3678
10470
1617
8766
12044
12198
1112
11513
9623
12031
3644
12611
12759
558
1958
8150
8778
5146
8438
8989
10236
4870
8029
3334
12095
2777
9671
12080
918
12776
12929
8708
4100
1562
1145
7740
1146
2065
11002
8519
3595
12395
1632
4326
68
863
5278
3572
100
6907
1925
2531
5291
11811
12135
11484
9357
9681
12846
8815
10366
5949
12794
7434
8446
12274
2529
4618
4971
1466
8215
5342
9569
1051
109
468
11327
88
11983
11762
12434
8002
9039
7839
4897
6630
3885
8430
513
9524
447
5639
7947
4671
4415
62
9056
2915
5356
5747
1382
4556
1389
8597
544
4574
3170
3473
7241
9460
12203
1994
7372
6114
4081
11448
1357
4311
7543
8238
10737
8933
2856
4485
5408
7853
8102
7487
440
4330
1180
8496
5308
12024
11393
1421
925
11383
12991
10169
7644
12389
12993
12596
5034
8692
3492
5374
9387
5037
3716
1323
2384
557
11947
2510
10096
1773
10075
5328
10374
8101
2976
12669
6286
6842
9490
3134
2782
10059
95
8600
5839
11971
1056
11180
12775
9022
12197
12093
7151
6029
3958
49
10804
5674
7486
1190
4031
12751
9646
891
413
11145
1988
3780
5231
11116
3296
9926
8093
11131
2626
3130
10965
972
3465
11531
12059
12029
5890
8615
5611
7958
10511
2566
9352
11182
6951
9823
12387
8149
7927
129
3204
6
10862
11788
7674
3179
4775
9182
11419
1963
12285
5285
6295
8717
4736
12022
311
9819
8084
8936
11552
4805
3695
10178
12886
11181
3374
896
4267
5082
270
12586
8272
6804
2155
4470
6133
5405
4864
2236
7919
368
9063
116
1320
6959
10175
3241
9938
8950
1333
11514
8237
5742
9662
2828
469
7222
5638
5357
4180
1783
4764
4565
1327
10652
10631
10297
5515
11504
12511
7799
2513
9458
9248
10606
5288
8202
3131
2554
3708
861
8524
2803
4854
7824
5150
11457
7474
1364
7449
3041
3496
3280
9299
3592
1249
2914
1343
6624
7202
4141
11581
7045
2640
12481
7540
11071
4950
3506
10947
6019
12547
6839
3197
228
3262
7643
8157
5909
2648
9714
10809
2131
703
2817
3397
6721
1402
7246
2478
12830
12836
11064
1403
7362
5041
10775
5813
9240
3258
1164
2448
3878
9179
6382
7378
686
7192
11097
4952
5626
3414
6028
4413
5067
6950
9476
10018
6575
4300
8004
2727
6887
7279
2396
7675
2496
12589
237
10612
10934
10599
8192
12014
4303
4340
2196
8176
12573
8616
4956
7364
699
1803
6004
4172
6704
4086
6738
6359
9721
8694
10396
1606
8147
6603
236
3693
2535
1676
11230
2893
4481
982
4741
7904
10061
9913
490
6781
1731
7052
9032
10379
9154
5435
1644
10482
11578
1463
1419
11390
4151
895
6949
691
7081
110
7983
9869
8623
8703
2765
1314
11977
4976
12653
2616
5084
11901
12526
10915
12505
2386
1573
7182
4280
839
9590
3730
1526
4523
2954
9143
10387
3835
10350
8207
9006
11498
8133
9116
8171
8178
7161
12117
3357
6628
984
9833
9239
6322
5565
1914
6478
3890
7460
12199
1329
3573
569
1449
12316
12109
3604
3292
173
9887
7467
5603
8241
8854
5561
2601
3265
10038
2886
11353
4991
10611
6250
7563
11903
11642
6745
6096
10281
8058
2860
4359
6216
8205
1753
6735
4217
5894
2902
8819
12040
8371
331
7628
6620
4135
1824
10295
5826
9921
3646
1370
3843
12338
12190
7219
5543
4367
10881
10555
1892
11974
4117
7017
7055
6947
12298
9601
4867
9959
8384
10788
4179
12428
5334
4219
7177
7818
7355
11086
11737
2812
873
10570
6911
10761
1179
12990
816
5005
5661
10719
1589
8841
546
11359
10454
6421
606
4594
12454
7751
8001
929
7748
11520
8661
2801
11571
5510
11318
3244
1926
1005
4325
1321
5957
9148
2048
7218
6650
1195
517
4944
3277
3355
3941
574
8843
4506
7553
2005
11567
6163
9159
12326
35
10529
5393
1800
4665
3853
9883
2424
2112
3837
7175
833
12600
4104
9465
1256
1188
12028
11898
615
3597
2408
3736
6827
9628
10471
10269
7584
882
10359
11891
7466
957
9770
2824
7504
9898
9010
12970
5154
471
6252
3091
11204
5268
10278
3346
779
3692
12159
4212
1380
6825
12496
6768
3808
2743
4373
5199
770
10692
6134
1192
12191
1359
9080
7710
979
6189
367
3710
5960
2536
10330
4750
12835
6187
5683
641
9203
475
4714
2505
2979
2822
8475
7183
2256
10369
6734
320
5249
11859
1852
3832
5486
9346
5830
4430
3699
1998
12249
3532
7438
3106
6154
2267
8377
6043
2965
12489
7085
8693
10028
11316
461
10262
9815
9759
5642
11884
10978
3995
5585
7629
3409
2277
1072
2707
3666
6177
2205
9001
11410
10736
9693
11238
11790
9987
342
3951
11795
6266
3108
6486
6268
10676
8162
4614
7142
5331
5782
719
5314
9416
620
3904
6774
3157
7412
11841
2966
5688
8015
11833
3964
5482
7271
10791
1059
3015
2932
3314
10740
1831
11569
8772
6337
1886
8560
450
3061
3715
9882
955
7993
508
402
3852
10349
10145
9854
9197
484
11645
2098
8781
1217
11742
6370
3192
8951
12841
12402
239
3728
5953
5550
9152
11445
80
4524
11532
3939
4237
2212
8452
1531
11024
1196
5703
9970
6846
899
10362
7805
2102
5889
525
1282
4372
10834
12913
4756
9991
12636
2713
6594
7080
4808
7648
478
8626
337
11416
2788
1266
5774
9074
1944
3307
10759
5464
10078
7002
12716
246
5404
39
8261
10924
9042
9472
5320
4076
1186
9468
10222
4912
4507
1519
4128
2552
7526
8331
10352
2453
11215
7442
9969
10073
10537
4387
8127
1779
6981
2482
747
5467
9640
7605
10706
10988
12737
1009
4361
11117
2438
4725
11234
9542
6908
2479
9014
7363
980
6966
5992
4321
502
2013
5647
11950
2393
11304
926
9967
995
8996
4695
5760
11731
3281
6961
9730
271
6590
1698
1156
11561
10447
6885
2062
9380
4101
1083
10743
7562
742
316
8962
2459
11258
5743
2476
8750
9345
5298
13076
5013
5343
10839
11052
12598
11648
7478
1875
5772
4590
10086
1623
295
823
5715
8621
12810
8510
4233
7390
5731
5824
7047
9242
6465
10786
495
12508
382
8134
6698
2594
12711
12999
9837
10725
6395
387
8048
2543
5706
8844
9077
8306
6191
3505
2885
4795
2296
1574
7982
11378
9797
11955
537
9660
2481
1376
11722
9187
6267
11102
7098
3725
7754
12499
5514
4452
7616
1666
12399
8690
7561
5261
4660
3735
5831
10571
220
12947
11420
11809
6791
9802
6934
10898
9323
11157
4071
10370
8954
1815
12058
7583
8965
12615
10575
14
4866
357
5095
9554
5272
6709
8481
6789
9071
4683
290
11266
7758
7482
10464
4596
2993
4820
4202
3582
8571
6041
3811
12914
6615
9558
685
10092
8516
7499
12396
10016
11172
11211
2094
9706
8021
7180
9684
11866
84
4510
9552
8533
1770
494
12067
1706
10302
922
7284
3774
6307
12640
9163
61
10502
10817
6237
8026
426
3218
7304
6707
1733
12148
2678
1416
3052
6747
11392
9392
5483
1957
11105
6886
1330
8130
5364
5454
705
6013
2521
12566
438
10763
749
12617
1003
2411
10098
6998
10426
790
11460
5897
10488
11824
11311
9679
2204
6988
915
8233
10964
3066
4642
10903
10972
9786
12614
7813
9897
7084
9475
9446
916
6697
70
6686
10272
3568
7812
11620
10120
13002
11844
4530
3493
5779
5155
10343
6006
3585
9847
10884
7642
317
2397
1722
7160
6474
6540
10625
6061
7146
1826
5080
3804
2982
5566
4070
8128
10337
8905
11214
8564
5403
593
10866
7377
11437
2265
1252
7211
608
8170
4109
9695
7832
8410
830
8707
3605
11921
7468
11224
8296
4035
8775
11467
5820
3338
9864
3085
12597
7547
5468
6752
10867
3850
5752
1398
2821
1823
4314
8980
4597
303
1332
11228
533
859
7129
7229
12038
2317
2875
1244
10168
6390
5784
221
7300
1117
10484
7916
12644
2504
6175
4709
6778
11732
3922
12658
7625
8494
9831
9609
12039
11029
11637
7735
4728
8198
1553
12226
3391
3651
3180
2249
5917
12445
11979
3318
11521
8334
5898
5558
2195
3624
4213
9878
540
8409
12122
9976
3253
11641
7978
9510
3953
2756
6895
11336
12545
2527
4762
2898
11646
8544
12254
7178
7843
10013
1014
5696
12498
5056
6625
8442
5032
9778
880
12629
12699
6635
5739
4161
8387
190
10637
7848
12733
10417
9093
3358
8639
11313
10796
11972
10100
4911
7360
3220
8168
6253
12184
7880
3668
6079
10401
4710
10580
11000
4056
341
7351
7633
11222
7483
8799
7061
2084
5854
8983
1865
5694
3264
10066
6679
452
10927
9284
8190
10130
8174
12101
8044
12273
1847
1106
3908
10033
6805
4404
1281
11653
1492
12213
10896
10147
9775
6212
2858
4632
2323
7471
6067
7908
4942
3380
7996
11126
6710
13023
11734
12327
1017
120
6193
7397
11169
424
7631
4134
12933
6088
5479
11656
2857
9806
2849
1325
1425
9369
3909
8791
9957
907
12941
9149
8164
8344
3282
5631
6031
12712
10050
3325
12516
6026
6102
8558
4846
5910
11954
9214
10424
7514
7654
9724
1480
4589
7206
10752
11111
4209
3117
2791
10012
6325
7708
3093
4478
3316
10880
921
7669
4885
12675
10289
7459
2624
7620
4564
12876
11549
13042
12002
3817
568
2533
8997
9691
8279
1029
9545
4294
5264
2608
1225
12982
7750
5045
217
12446
5167
7313
1900
123
4457
3667
3790
7016
11055
3674
1879
11033
0
3312
4887
11744
1679
12415
12375
10975
1172
11735
4082
9734
6824
1661
7718
7157
11723
5886
2621
1420
12104
6513
7590
7939
11703
4845
434
12864
3481
5815
11185
10551
2706
10375
1276
6963
3359
9199
3940
7557
3012
10440
2988
9873
12940
4083
6782
12484
6329
4431
2748
7997
11005
752
10081
4023
5159
5127
5178
25
10286
10989
3405
8398
4872
7766
7966
1605
9157
7811
2019
10034
10400
3840
8373
2314
11692
5507
8634
9617
8007
12282
726
2587
11557
8027
3046
10908
6693
9763
9645
7688
6777
7210
12536
10530
10162
509
4040
12642
266
745
9712
11385
9439
3967
9713
7687
7662
6049
212
9467
11753
436
2567
6871
6426
11018
5353
12607
11733
3805
4829
11813
750
7352
4962
9401
5087
12287
11579
1660
669
5934
1634
11959
848
7335
8806
1099
950
457
5392
11463
4515
223
4323
12314
4043
10205
12773
3107
3865
1903
4583
901
3430
9335
4206
5872
2794
12030
3211
5804
4400
3535
8887
1850
12843
10434
9394
6231
2188
8052
524
4012
5263
3049
1045
1185
12280
3829
3519
3487
2017
5905
2132
1954
1637
2961
6790
12760
8431
5171
5371
4662
10408
299
10814
5333
1483
1721
9808
10594
8095
10069
5396
12286
1015
8926
6756
11797
1219
12949
4003
3528
6957
7903
2889
7464
4119
4424
2272
8868
9875
312
5605
445
11422
7773
10121
11905
10995
460
7817
10589
4888
7592
9426
10609
12378
3320
7031
3223
12790
3726
9031
9965
10756
12953
3672
7204
4534
59
4766
11938
1391
2718
9615
10114
3944
9728
321
1394
6851
4852
5240
4669
12998
9108
2570
11953
8487
845
4828
11638
11031
9134
9251
3293
11120
323
12581
9696
4349
2548
9538
11292
10117
7496
7
8684
7040
1680
613
9947
5536
4743
3824
3386
1383
9639
455
10686
449
3807
8547
2162
10460
9306
12264
5112
9934
11100
5833
4646
11314
8716
10029
7386
10048
1230
6451
9368
3642
12724
86
474
11436
2189
8885
4155
2253
3132
5325
3994
11227
4093
8337
5352
12469
2237
1358
7011
12537
10666
7772
12096
647
1811
11789
1052
2646
10546
536
7795
11831
9415
3589
9839
1223
1513
12097
11344
10391
6537
2627
7062
6276
10163
9621
7294
12555
7301
8256
4062
11907
4432
9984
4799
11426
4935
5902
2309
8570
694
1462
951
9666
1630
7244
9061
3723
1312
2428
1053
5243
2213
1595
2958
1974
6271
7684
10003
1265
4876
3498
5120
6315
1713
7985
9593
9625
6401
10221
9641
8196
10202
1222
6843
8062
4288
4849
9059
1674
12727
946
7407
7165
3512
327
7521
7290
8838
11570
9895
2097
6016
11936
5035
10090
2501
1049
4993
3499
8846
11782
1830
12740
7668
9019
8035
2192
7944
751
9231
2449
7961
12601
2467
11791
872
10672
1813
79
3153
1945
3174
9139
3631
10264
11777
1868
3408
6305
1789
6178
10802
9418
10007
11588
12628
6040
5018
2171
12277
7686
12682
10663
11239
11166
4354
7205
12576
12340
5413
840
10842
1921
9584
11278
5951
6935
6211
4405
12152
8211
5349
12992
3141
8089
6547
1477
10165
10079
1969
10658
10933
9526
3238
618
1046
3970
5646
3086
11659
6926
11941
9761
6287
12613
10287
7087
9322
7361
12189
12470
9871
3717
8999
2229
1386
5338
8235
6718
12363
9731
10084
11013
5710
302
7544
5255
9699
10113
2166
803
5259
9088
7525
5469
3770
9470
3949
3187
2285
6021
2904
6688
9084
2991
9689
7693
970
10875
9675
11168
6932
10265
145
658
10916
5863
936
9993
9948
3547
12069
3390
4159
3345
1161
9888
684
8210
5101
12169
2250
12011
5108
9529
6051
12696
11714
9943
10135
11993
2614
3036
1309
851
1137
1497
5766
4526
7254
1374
5137
6640
6509
7337
9452
10749
2771
6378
5582
4466
7104
3298
6190
6943
4857
6074
12788
12833
8092
11965
1851
3546
10619
6765
8172
9205
4987
5410
12459
12341
8209
4282
12279
6317
9348
5963
6420
6722
9950
4571
4225
3972
3996
4268
9267
1682
12858
6562
9700
7595
9850
10478
6196
11761
6793
1423
4449
1074
9674
690
11919
4377
12364
1469
12543
3828
4535
6327
6891
11743
12567
10701
8687
3526
865
83
8612
488
9363
4032
4819
11808
2615
10648
4226
74
2770
10260
3818
596
12211
856
11968
1371
787
7208
8043
1878
7774
8051
7797
10152
4727
5539
4980
11217
8460
8216
3838
948
6701
3761
8056
4338
11035
3552
9499
575
11506
3923
11867
8795
4096
3472
1743
7491
4584
6506
5054
10319
877
11500
7054
1048
3128
4454
8115
4137
9531
6731
5495
6090
2641
8435
8620
2761
2929
9005
1996
12420
8294
6534
12113
7770
12337
942
4234
4436
1310
10315
8509
864
9453
3073
657
7725
12311
7974
10860
11330
6572
7058
8513
1881
12713
2429
769
12449
10481
7885
3370
2341
2164
6742
11150
5838
9189
1854
6796
11379
5283
7606
7969
8584
8118
8348
7840
6350
11976
771
7548
7712
8984
6122
4758
5062
9186
7119
1861
8498
11078
12036
7113
6086
8302
6130
5599
10542
11995
1090
6062
9908
4273
9114
10782
7762
5088
12562
9795
1755
6032
10826
7041
1408
2069
9026
1187
2140
9097
6680
900
3195
2912
8124
12411
9178
1337
10241
11201
7677
2952
10720
10020
4245
7905
241
1247
5487
12887
12974
10119
4063
6239
12909
7613
3424
5865
12149
707
7393
5149
6798
10776
2670
138
10380
2191
9525
11407
1182
9461
10878
4073
3918
6985
5969
7112
3100
5799
10123
12495
11384
3111
10772
2344
9999
1658
8893
1189
5800
11043
4173
6174
1665
4160
7015
2702
7334
3550
4884
7692
6427
9309
1295
10877
2700
10647
8434
7258
24
8529
4447
1641
7733
1960
3138
4648
10356
5270
5491
4678
12522
5085
11317
4346
8821
4490
1689
12263
8940
2115
5066
4607
6598
6157
4148
555
10501
224
7240
8923
2844
11014
1385
10961
4306
12219
9521
3556
4199
6550
9519
11899
9123
5658
3879
252
2447
10588
1814
8154
5060
1066
2468
11124
12196
4998
8723
388
3303
5570
2014
1055
10361
73
1076
313
11218
7046
307
12911
7617
10539
5418
4630
5381
7462
1136
4174
2381
7516
1802
1724
6559
9636
1039
10832
11387
819
1675
7508
4391
10579
169
4988
8911
7913
8752
12501
132
13048
9110
5977
12822
9648
10559
4297
514
298
9766
12951
8111
12170
3844
12748
1686
6170
2209
3206
12931
3712
2826
7024
7447
11691
2333
8327
10184
706
7140
10494
7984
4622
9330
3421
3630
1699
12414
6938
4938
7879
4388
7323
13000
5233
9480
11010
4878
12270
4196
9257
642
5735
3961
892
8067
13010
1132
3260
8945
9068
7367
12306
3755
9072
12654
1079
9333
9168
334
764
4650
8960
5490
5649
9498
7889
11125
7585
12975
1430
2350
9990
3971
12257
6552
8173
4656
8339
9055
12907
4334
577
8436
2909
7753
696
4509
6367
12116
3854
1248
6148
11553
1692
4520
5472
6387
2185
8229
2546
12366
8525
6881
8159
12046
1237
2234
1498
12764
4397
3440
3247
6801
6828
8743
10711
2922
6436
1194
7118
4015
9536
10273
12608
3569
8158
180
10045
11803
4800
6521
7038
2193
10000
2867
3606
8879
10486
3809
9155
4895
4215
5533
175
11978
11842
352
5750
81
11251
12083
11386
1742
5028
3429
5668
4017
3446
10294
7929
5666
11698
1245
1077
1898
3947
3957
12851
607
479
3783
12875
11098
8665
4271
6128
2183
4920
2925
7994
6495
2699
12064
11870
8862
6726
4753
1278
6037
11268
10474
5498
7719
11323
8392
629
8242
9099
72
2918
4440
12944
6355
1259
9385
9432
2679
2508
3722
2302
2763
755
11718
11057
4383
3394
2121
1176
4050
7409
1520
8947
2252
1677
3454
9062
7472
2524
5736
6607
4164
10030
7784
12782
11906
7869
4287
4841
783
8566
8526
12305
4721
5690
2876
10499
2796
3541
10906
11402
11444
11589
3598
5471
4343
12871
275
3309
9230
2547
12717
5395
9151
1708
12995
3524
4337
10051
2783
8826
5254
1897
2119
3200
12700
5354
6366
4331
9762
3104
1822
943
10823
5650
5935
12390
8668
5835
1341
2085
3364
2324
362
1516
9620
2926
7806
7437
4067
6918
5040
8250
727
13027
2872
12799
6660
2335
5684
3491
10412
6970
3677
9382
8352
11821
2941
2027
8461
6923
9988
1101
9295
4385
6795
13080
1138
4851
6720
11094
472
10220
8609
10353
6467
6389
2399
6841
8324
7223
12604
11471
2242
12243
9034
1457
8245
3092
5753
11887
2176
4085
9670
7601
12802
12344
11576
5318
6333
11365
10670
1208
6725
5991
3278
11836
11381
10990
2590
10931
3806
9581
12674
6479
8453
9229
7320
10883
11220
6205
10386
12419
8946
6045
10888
1569
3116
1183
988
12483
6655
5151
10620
10339
10919
2060
8512
11134
5309
6042
8473
1662
11195
8908
10390
7663
3126
1296
1710
9665
3324
10859
4591
8678
3417
2023
196
8328
7559
4246
11886
7237
12334
7476
4038
46
7421
9940
12795
8507
12580
1511
2082
7760
4853
11596
11411
887
7059
1915
3924
5174
3283
2124
10902
11380
6007
6568
2142
510
12079
7107
5577
12715
8129
2864
6978
6117
2757
9710
7344
3932
11485
11473
8991
8018
7659
12619
5681
2978
5915
12354
3857
3373
2128
4065
5873
6661
9315
1853
8433
6750
4259
10598
8493
5202
5420
12466
164
3981
6265
9663
11178
5796
1018
1970
11054
3907
10882
6516
2224
6089
12736
860
8204
2927
10085
9916
3999
7495
3018
12622
10783
2276
10799
6861
2677
11329
4396
5206
10099
5089
10636
2691
12902
7950
3628
4635
10351
7558
4126
3702
4874
3626
398
4532
10992
8672
9489
8591
9043
9216
10455
10818
10694
435
4428
3985
3621
12236
729
11401
10907
9004
3425
1401
6348
6281
5758
9141
332
1846
250
3143
7230
9326
4483
5425
3537
801
9939
2712
9914
1555
8070
4796
7819
8963
6224
5667
8411
149
12722
11999
9422
4508
820
8263
1157
12855
6505
1451
7959
8380
11288
12125
4810
8930
12646
3776
846
7877
9932
32
2007
2773
12987
793
2859
386
1324
8583
3183
1884
4545
6167
486
11969
5971
8761
10372
12450
12408
6414
1690
10019
7807
2367
3648
9604
8424
1496
9165
6476
12925
2746
1465
3294
10688
5851
7424
3461
12668
3741
3721
2
11622
10433
13015
11729
3267
2973
9685
12938
7989
1929
7597
10565
5584
11586
7536
10332
2998
5208
11253
9106
12128
8053
2133
2593
12881
9842
1454
3892
1279
11934
12291
1509
2009
7470
10091
7312
12016
3306
5899
12781
2789
11522
12815
5511
4018
9065
10420
7518
8759
7999
8554
9904
8886
2711
6692
10305
3931
7133
6039
9360
7392
2371
9682
194
11715
6094
4629
12845
11757
4761
9983
9140
1754
3554
3649
3395
4945
10223
4417
3172
10767
10385
1769
7280
11400
4252
6569
3565
3215
6457
2268
5300
7006
11361
5984
7730
10751
8971
201
5407
12897
665
7956
9119
1567
7008
10892
3930
1633
788
11706
6645
496
3998
12201
7838
9613
12136
5995
8340
12027
10525
9421
5336
11780
2845
3115
4484
12677
12163
5284
12626
2152
5879
1764
8248
11518
3711
12574
10873
5274
5462
10674
10462
12212
5895
3165
10058
8074
13068
890
6517
2308
5693
2497
6023
621
5090
11609
2247
8492
2625
5422
5130
4816
7542
11136
10360
5534
7935
2432
12784
3182
4158
1835
7666
693
2170
7148
11023
10451
13071
11880
6637
4783
325
6269
3450
10991
5545
11655
297
8222
2769
1158
3310
11985
12754
3713
9920
5795
2287
9944
6494
4679
1650
7734
5990
2016
1355
304
8403
8789
6894
5663
5006
1515
7709
12276
3946
10001
12809
2852
4000
11048
992
4106
13081
6753
5544
8897
3497
309
12307
8191
4403
1981
8113
1834
735
1431
5809
7436
3558
9007
7088
11956
11203
5104
3830
11708
1388
12073
10677
9258
8732
7639
7453
4697
2737
12142
1168
7737
429
4260
4744
11951
2945
4251
6591
5187
1575
5734
6345
1585
2300
233
9038
151
8072
7348
6218
2664
7245
12590
1352
10290
12898
2617
6708
5921
4290
9436
9803
11425
11975
1443
4409
1887
8028
1728
5936
1913
5718
4208
9188
9342
4529
10827
6434
9232
2207
9694
11339
1554
6340
1649
3504
3021
4777
12463
2870
1414
4398
1481
13019
2551
11340
5633
5904
7336
8830
3287
12284
1086
3321
2378
7291
4380
2064
2690
1657
2012
477
4120
2800
5276
12850
9366
1041
12849
5052
443
11935
4948
8680
3255
8912
11063
11700
1269
3240
12719
4652
7599
8040
11987
6896
649
4146
11486
11348
192
4658
1159
12681
2363
7671
9362
11382
11241
8299
6097
12514
12967
1790
4224
8309
7873
8711
732
10970
8466
1965
919
9423
17
8298
10354
2000
11373
4272
844
6834
1026
7288
930
7333
2297
8517
9994
12178
8985
8859
4900
1723
10106
1263
6108
13021
5654
3629
12769
12205
9708
8251
3594
2883
10173
11582
630
8721
2455
5542
2675
5048
10124
2574
2254
5842
2647
5691
8656
8919
6676
4812
12620
11493
5861
9924
8927
3745
410
7979
4670
5279
5757
5613
3913
7039
6519
4791
6914
5020
10618
5161
6771
6553
12431
6262
4136
5529
4718
857
2337
8892
8714
3317
8835
4822
1384
6360
5260
10714
8686
11855
3982
11455
562
1766
9523
1089
12793
5348
4048
6589
9975
4102
7095
11802
11922
3147
9528
1702
9643
10744
42
10428
9870
4672
795
10410
836
11346
994
10520
8809
6057
5226
5153
710
3737
11309
12869
11187
2073
12343
1568
12686
3479
7376
6123
3249
5948
7896
10536
1904
4203
11306
2103
6458
1909
12923
12569
1283
6570
3701
13012
10111
5637
6470
11668
5459
2244
11489
9171
2595
10843
10723
6872
7025
13013
3797
6428
1100
5785
551
2026
1933
10779
5014
7949
7194
6383
12452
8240
2538
2197
1366
6068
570
10010
2179
1867
10104
1717
6140
4768
9848
11263
3533
4467
2491
3460
6455
8470
10409
8792
7124
127
940
4928
3502
167
6578
9515
8247
8696
1292
552
11414
1747
9668
5821
4319
118
11917
3090
4533
9359
11495
10431
4572
599
5769
12772
2029
2834
210
8345
11545
11814
1700
4406
6601
2644
8445
3925
2158
5394
2495
8414
7810
5135
11175
1584
10235
6299
3171
1838
11038
12120
5223
6482
10562
9801
4720
11575
8167
9138
8695
2035
6448
5198
11929
188
8551
1459
9968
9395
4066
12490
4562
9885
2692
12779
2364
2564
8341
2274
2698
5476
4030
4754
3490
6372
11326
4985
12553
10939
10216
3654
5337
11957
2401
13047
2645
5880
7700
4729
5237
383
3521
10586
3912
378
778
2635
8121
11879
8738
10967
7327
6948
9350
810
2708
3657
5248
9709
4701
6588
5382
971
6616
6928
8925
1456
673
11133
9818
6545
3515
3102
10256
4600
11741
5176
6862
5822
10042
12317
6528
8412
4368
9406
4460
9177
1539
9174
1955
10738
4636
11939
10210
12150
11966
3575
11106
9559
7910
8884
4917
6681
1577
7963
12161
5105
3613
11472
5980
4949
3503
11920
4008
6809
3432
3608
12181
4746
8214
12468
10324
8860
12624
6165
9386
2332
9244
3887
3910
12443
2484
2201
1445
4610
9058
12141
11626
4266
1642
2830
7125
12017
1427
4341
10507
11606
1484
6352
10685
4228
9659
12043
5754
6078
8977
8258
12220
11874
9562
5015
6053
1910
589
12250
3209
315
1197
10254
1621
11015
12610
6400
12
11535
1369
6385
8329
6990
13059
9206
677
1226
11021
7756
3025
1218
1396
7170
421
338
5329
4693
206
4450
11037
7384
8567
10538
7317
11070
4681
7186
9729
738
13034
10105
11815
3095
897
6379
2173
10591
4307
679
6554
5139
5367
9575
2674
3984
2666
10668
1502
4480
4821
9457
7273
8653
12231
11286
9858
7538
12348
2047
1032
4166
11778
1411
723
8882
9250
4989
5377
4378
13036
3588
3335
161
3647
1512
2662
5051
767
2592
9263
7968
12960
1495
9962
4957
11179
991
7907
4059
2366
3230
5973
6104
12950
324
10489
10682
6597
7403
8813
5825
8740
11144
7248
4479
2441
3228
4686
4347
10722
7707
2736
4974
1819
7940
3530
9644
3150
3236
296
543
12832
11986
7506
21
6398
2168
1415
2120
10560
2730
8259
5583
773
2709
8071
10329
6817
10129
4276
3942
11307
11857
5751
4004
12451
11089
4903
12817
6669
11537
11418
7021
177
6510
10545
6248
4175
3762
8228
6235
962
12074
12539
12739
720
11853
12558
5933
65
9438
8122
5847
10556
7262
6769
8877
5421
12139
1224
1638
6543
12665
6614
5306
10317
3113
11492
12108
595
11301
7862
1940
9832
2161
10708
6878
153
2109
5814
11873
9560
41
6396
3068
2937
5770
10025
9928
4498
11213
9793
11275
5078
6820
5726
3960
1872
6672
1378
604
3145
5859
2136
1775
4955
8670
8206
346
2528
4211
5258
7923
8948
3709
6520
10035
1978
8727
1184
12546
1040
5417
3004
598
7387
1619
4936
3453
11364
588
12153
6912
12174
9782
7716
12154
8662
12361
12405
4959
314
5622
7169
10561
10548
1494
6685
10125
6636
6492
5999
6580
4785
7796
1167
20
6072
8601
713
3986
11858
3433
12671
11850
11730
12175
9343
8758
4178
9185
10170
2402
6557
1967
9153
6311
9064
6775
5224
12785
9126
11123
10298
11118
9337
5378
5819
9430
5928
12709
1551
3697
4599
12237
6153
9583
9390
2312
959
1216
7150
2895
4568
2550
6822
12747
7777
4058
2948
5437
4310
5927
1400
9889
12292
7289
3800
7394
4113
5019
10022
3966
12762
1021
5746
7368
813
385
2493
1517
2349
6298
185
11670
4663
12738
4129
9336
12695
7865
3477
10573
216
2380
10766
928
8915
159
7155
681
11585
11683
10151
4001
9996
8742
5164
6621
7069
2950
9417
12996
2906
9568
1064
8427
1011
6604
927
2999
3368
11914
9411
2741
197
4960
1303
2298
8156
8064
12320
8081
249
2038
9752
5061
3740
1409
954
10333
11152
9637
1704
11114
8395
9910
9647
8083
3210
3221
4968
4855
8269
1288
1788
9464
9075
7787
2917
10226
3167
3229
225
11446
7809
4289
3423
730
3549
5698
8047
9175
3217
3212
1304
10639
7870
12771
6612
8794
7408
969
11712
2068
7517
10186
5610
11694
2343
5563
5982
11558
12487
162
5505
2722
4118
9688
12506
10709
9849
12780
1092
9980
2086
6048
3622
12376
11405
1291
1591
683
3803
5548
1951
11786
9773
11817
3620
2555
9373
8610
8252
2426
3322
10321
10986
441
154
1507
9445
9687
8872
1810
7224
5481
3820
553
12289
2360
9184
4553
9128
3466
5643
10248
7815
2897
3418
1714
10425
5993
10865
11045
4929
7479
6873
9963
8476
7203
3226
10812
7492
8088
6930
1707
8837
3494
10192
10828
3352
6168
3880
1631
9634
6538
7682
6369
2790
5569
12085
4776
13014
10582
11837
1360
6703
12232
3798
5962
2190
3773
5817
6668
9280
9233
8041
7860
7264
3973
5368
8175
6836
11246
7370
5562
6657
8935
1229
724
7893
6776
10710
8457
7647
2394
7406
2620
6022
1938
678
1122
8419
257
13077
3916
170
8463
11523
240
8902
9180
6566
8010
3250
2105
8922
9117
9207
12657
3067
3869
5361
7366
8059
12127
2301
2057
203
6732
8725
4327
1740
4893
3671
458
3164
5008
11610
4628
4299
10371
12723
1442
11658
1063
11915
6107
6260
5978
9444
12513
12994
5016
11900
108
12066
680
1563
493
1948
12272
5523
12689
5608
7794
9087
10963
2516
4786
3683
7512
13018
3955
11161
1609
9809
6008
13038
8598
7063
11119
11829
1739
2303
10136
2573
3510
10378
8319
3081
7618
54
5968
941
1608
8281
11768
4925
5302
10284
2403
9777
4298
8901
7527
2093
5966
1363
11902
6890
5439
9195
9293
11601
1828
6442
3455
3127
6806
507
9881
7374
8454
2055
2232
3802
6711
7012
2539
5530
8637
3268
4492
10338
3571
4107
11868
7622
5242
2542
3962
10770
3437
4418
4499
6666
8958
7227
5450
12918
5431
414
2046
10416
8114
7895
6127
741
4277
3864
10348
10597
9313
3842
2440
5652
4114
12132
9774
6364
11280
6025
775
6015
10277
12926
1271
3194
6289
9024
5412
11061
422
7953
9381
11980
3300
12634
6904
8796
9955
8330
4923
12215
9410
7505
3443
6255
2940
6917
7977
559
12339
8847
11242
736
254
3186
6794
2583
12362
5837
9103
8780
3402
11539
11720
7174
8581
7044
235
3580
4615
7779
9408
8221
2043
2049
1042
2470
8379
3827
12394
1806
4390
4896
3356
1444
9680
10638
12252
7634
8825
12179
5007
12233
4130
12160
10062
3082
9966
3600
4348
12455
7717
2434
9156
12300
11221
13083
7825
1169
6466
885
10689
966
3043
4451
2445
193
4133
4356
10790
1866
7435
9160
889
7841
8054
10456
8246
8972
3038
645
10768
12422
5887
9927
7577
10909
4880
1001
12393
12529
2215
12488
2416
8091
8543
2071
9860
2226
1983
1338
7007
2938
8659
10681
5228
12758
4730
5039
4620
5553
11624
5709
9013
10213
11056
234
28
8418
5359
9884
12140
1593
10021
7184
9316
9222
2634
12917
5845
10082
9051
6654
9048
276
12766
3974
12367
4804
9903
731
1339
11319
6634
2654
7736
4587
10996
2392
12679
9570
8165
12323
5312
722
1453
4150
4817
7329
9095
10070
6417
4907
4798
5205
7325
2138
11963
8437
12032
12570
11690
5520
8986
3422
8268
350
3749
3848
3480
9294
7928
9224
8969
8522
4358
2607
1927
12524
5383
11696
3065
8895
10684
1365
756
12357
11625
5609
718
9370
4527
11647
2199
1274
4625
1356
5009
8849
8108
9783
10917
8939
10665
102
2487
10009
258
12400
6960
6343
11274
2018
8400
2684
6226
5573
3611
5640
4169
10718
8323
8292
12919
5860
11804
1688
5463
4200
7347
5441
11643
6225
592
11357
3787
288
2149
7586
10080
5347
5455
6838
1485
7014
10730
3016
375
11928
2289
1050
401
9502
11806
12210
2421
6036
4653
1418
7070
3914
12663
3867
8625
9145
7152
12383
8447
9589
1478
499
11908
4970
1737
13004
7723
8378
2518
12425
6757
10231
2815
11141
4811
11591
3075
2474
7042
2836
5163
2606
8881
9540
2283
2715
1210
2786
8709
12037
6548
10765
1845
8874
6807
5188
10341
10487
10569
1239
1580
2177
10923
9307
5316
9769
8208
6145
12147
3419
7382
12025
11252
11298
416
12164
7068
12612
7632
9580
6012
8624
7851
11772
4370
356
11077
4416
11190
2387
6773
1350
11352
11830
12901
1716
12535
7802
9015
714
12345
5970
4518
8741
9672
9826
9605
9162
5077
7938
7181
11465
7691
11113
6018
4685
11008
2665
9409
5140
8713
4772
4735
1748
8402
7201
1467
5512
4138
1316
9565
64
6910
4617
12750
9754
6059
11040
11705
7573
1505
8764
5630
11546
2823
3050
7798
10503
11587
2489
10750
358
9281
1647
4170
5211
7703
7215
4836
7830
10635
11158
4732
12745
10819
8523
231
9305
8405
405
1545
12240
6236
11121
1839
8961
1798
140
9356
7065
4345
10807
4905
3129
13001
11688
1022
5852
4027
1028
7451
7050
5177
8542
6361
7480
4013
5402
4103
1153
11476
8839
11566
6518
8163
8857
11183
10987
10747
10282
6788
9727
2202
7249
3219
8536
91
6060
11599
7657
4002
7446
2182
1530
2346
4145
5218
8097
5749
12087
11759
6906
7529
1576
9579
4039
7776
8603
10808
9780
1306
133
2785
10522
281
8188
6238
10076
4381
7127
7589
12916
12575
5432
2603
5540
3039
5022
3232
8075
6884
67
3612
355
12235
2745
9340
6929
11170
1191
2693
2720
10072
5888
12281
6787
8244
11104
3051
2578
2260
2216
1246
633
3059
371
1373
11067
4351
5697
2316
2832
6358
12352
1277
9442
3858
137
10089
7427
432
9807
3363
9211
13003
2080
3579
4042
4554
6818
1712
7808
3720
6974
6770
1695
11633
7091
377
4496
10904
12694
6737
6121
4588
937
6760
12244
6336
11505
12853
4463
2896
2198
3516
1711
9341
501
9664
4547
227
7827
3663
6242
5918
7788
7603
7685
11675
8932
268
1098
4384
10911
6502
4605
8187
3738
1720
9972
2862
179
11004
5246
1987
176
2368
7381
473
462
538
1877
3488
3581
4779
10198
10824
12042
7552
8359
12478
3731
12001
3120
521
8342
8082
566
5919
7714
12158
6441
4278
1518
11483
10209
11273
7123
10190
10388
11892
4292
7546
44
6667
9652
11890
1488
6230
3609
10185
10838
10641
1475
9221
5415
6551
8657
7697
2537
12048
6440
2122
347
7005
1440
11308
243
8605
8139
12322
1482
3392
11028
8689
10805
6897
6334
22
13044
6144
8833
10475
492
428
1379
2498
274
1270
11649
2008
9971
10869
10252
7902
11825
6496
7921
2631
11294
2632
10347
5074
9344
11686
5805
12052
5504
11602
12050
8929
10914
3876
12966
10239
9135
2456
5489
12568
11115
571
1812
5119
3285
2835
1941
11470
8421
6280
4309
395
5044
1127
9226
8343
5375
10174
6429
8586
6719
2304
6748
336
6892
6084
6116
9771
2579
6860
4922
5203
10164
7034
3401
6489
3384
3977
6909
6219
8287
4782
3517
8253
9308
1236
2475
8823
12651
7556
886
2286
10345
2439
2353
7359
6812
2165
12648
8572
1734
1578
3814
8383
9403
6879
11616
3656
572
1367
2628
7030
4011
6539
6677
10346
2642
8914
9275
6076
1882
8420
12800
7263
5620
9520
7936
5023
1082
5659
10644
8889
9840
10167
10921
6210
2734
6749
6483
10211
3822
3898
799
8304
12091
5355
12461
6217
2231
8200
5058
5588
11528
6166
3426
8565
12440
4940
6921
6033
6983
9629
2766
6821
2414
10493
1450
11143
12138
10534
11431
3329
4201
3007
12223
10734
6761
2717
1144
672
1681
245
3602
9942
583
10876
4127
4240
4473
4149
3163
1607
8185
4984
11147
10640
27
7461
3203
9863
1231
5549
11984
796
4401
8850
8426
11122
8260
2040
6100
89
8640
9906
6622
12577
2943
6944
10138
542
9190
5369
9937
11129
13039
5252
11600
3874
3379
9003
12065
2063
2500
8500
8490
8876
2255
1308
12756
2985
4513
5144
10107
11044
11474
2471
1514
1592
76
1777
1895
1067
12906
6290
1002
12012
1038
2400
4566
2964
9286
11517
6683
7844
9172
2810
1129
3188
6512
7074
917
8590
7076
284
2061
1297
3638
5974
4389
2391
5744
5722
1487
7452
6595
1214
858
12542
4666
6999
10821
10764
466
5265
1953
10206
2619
6223
12828
13052
5453
2502
3895
417
1436
4627
3539
619
1767
7163
272
2673
3198
11496
10617
5994
2877
6112
9429
301
3005
6113
6406
1234
10955
2813
3538
7319
2223
7761
12230
4740
6109
3032
10521
9747
1973
9220
2004
9020
3833
6849
12969
1213
10242
13033
4544
12826
11771
3044
6560
10247
3274
11083
9247
9718
11738
6967
9861
1604
5943
5296
744
2180
1080
5721
3222
7934
8153
2892
12497
13049
532
9543
2663
1620
8351
11555
11852
7515
11856
2805
1012
8485
10741
3404
5024
6785
4972
5685
12324
8733
5591
10600
1588
2423
3495
7884
10982
4765
6619
10729
5238
8890
2931
10183
99
9479
7126
5136
804
2104
6285
1625
2114
1667
2697
6531
8264
3795
238
7970
11801
11142
11236
3191
9318
211
7868
5983
10015
489
12603
3459
654
4684
12728
5386
8724
7385
12332
11736
4937
9253
3060
3744
13046
12313
12935
9566
11299
7992
13011
2270
1346
6471
9102
6411
9089
9018
9033
7746
12486
11931
9574
4609
326
4078
2214
2488
399
3097
11930
10435
9553
8602
794
1446
5524
1906
9146
7785
12009
12972
7071
1560
393
1163
13078
9790
7681
7594
10194
6989
10336
2726
5169
7321
12110
38
12959
3945
8104
1843
9859
5201
6586
2959
4894
10938
12099
7411
3684
1918
11177
186
6952
1033
10746
4664
2290
4049
7349
4472
5030
10724
6665
5929
11889
12123
52
2901
11032
63
2415
1893
11207
9929
4997
11679
6115
7234
3058
12792
7238
9813
2526
9375
2036
1613
6129
8011
9722
10944
7326
3863
4458
2575
50
2729
2186
605
6402
9720
9820
8032
10980
12697
6297
9234
8559
2259
1550
5741
6490
1931
12618
2020
7185
2079
9377
591
4832
3839
8683
12084
4410
11285
5680
2334
3563
1749
3743
903
6541
4256
13045
8515
7727
5063
11687
2288
3523
6913
837
9602
8527
5143
1842
10845
8094
3083
3561
8361
12531
6381
4691
8673
5183
2942
12630
3063
3894
2936
11967
6301
11534
4953
3560
11912
12742
150
8297
3027
8918
1937
6319
5635
5
692
4924
1655
10077
7389
9742
13035
5295
9667
12121
3781
12789
11433
12564
7469
11225
12447
2956
4973
6903
3777
5931
2541
9492
1901
12691
8063
11810
9082
2848
784
8313
11334
7744
4157
446
9474
392
1794
4028
9626
12172
10418
11612
10006
4661
1290
7443
10459
5373
10958
6567
4441
11025
9166
11684
6405
12416
12359
904
7749
9451
12208
2633
5700
10646
11767
8197
3328
519
5866
977
3319
3587
12241
7033
7431
6354
5748
5366
11084
1238
12635
5944
5840
7114
10816
3101
242
10905
11885
4291
4824
2422
8020
1552
529
6853
6120
1693
1787
11615
2953
1435
1729
40
12883
1141
7396
10913
11325
8353
7954
8428
8730
5564
3449
2704
8521
4494
6696
5519
3064
949
2486
5737
5427
11324
10657
2962
9278
12734
662
11188
12957
6511
4214
9118
4624
5714
4696
7800
4488
7976
7909
1432
10161
9193
7664
8459
3919
1258
9066
10405
11819
5132
5310
3801
66
12510
9622
6184
2735
4707
11547
763
12854
5091
8318
5579
364
11766
10403
5525
9304
6221
12735
7457
9661
10208
5440
8903
13058
4525
3161
2795
7428
6491
6066
2437
11524
6064
8503
8869
8003
11713
10793
13032
8078
12752
8213
10974
7309
9437
6357
2143
3396
2686
1732
6927
4279
6515
637
10712
7566
5616
58
10595
5961
11827
11940
4238
12690
90
1253
8
419
3144
8541
828
11020
4275
1696
8322
9548
7626
1529
9616
8099
8967
4317
6308
5707
4471
4177
674
1760
6800
5076
6844
10727
5967
10822
1618
3403
3252
2739
9259
9816
372
4780
4006
4921
5932
10093
8998
11614
3159
740
6994
4168
913
3513
9851
335
7420
12356
1071
3140
423
634
3756
3158
9298
4889
10649
10781
8644
4052
5059
8691
3156
4516
9779
4121
7225
11370
1116
5370
5301
12978
5232
3601
11291
48
6958
8745
2605
9532
9516
3109
12432
12435
9952
10342
6399
6648
1243
10097
12253
3124
7534
4592
3739
4459
4486
3559
12379
10861
7888
8699
4077
1302
9399
11711
5345
9044
8770
652
3003
406
1199
5071
11848
5740
12010
5321
528
12538
11725
7513
4536
2208
2519
6368
8416
9992
743
7134
2050
2033
9719
3900
3343
1678
11784
11651
7990
6136
6310
11752
10610
8675
7302
1759
8648
5330
9776
8295
12403
6819
5069
11608
2292
12424
12265
3054
3796
3784
9235
4342
6941
2045
482
4703
5449
3442
9753
12144
1392
9835
6403
4521
8909
10458
6469
4190
4612
8381
10402
12350
2557
9332
10166
11347
4154
2141
5116
172
4963
3248
11785
2203
4871
267
4830
12954
5596
6716
2147
4996
5522
7593
10490
9979
695
11281
1976
8458
10587
11312
1242
2754
4570
7933
9599
330
7099
7834
6833
6363
9129
7801
5595
8788
2413
11895
8169
9638
8938
6164
8607
9243
1995
9511
4046
9654
12507
12997
4946
10040
6610
11754
6702
5319
5461
5593
4692
6371
2764
6284
9434
1328
6647
4716
6831
3845
2903
11845
8959
10868
6277
1275
6150
8820
8239
9218
12882
7404
2246
11128
663
843
4033
4193
476
4966
1023
7831
6192
4116
7144
7531
1668
8066
8366
8230
9585
5323
10941
11310
4029
934
12407
9327
10645
12089
8769
5157
3968
6618
7096
10320
1833
1354
4080
1139
11244
9200
10592
12559
9364
6291
5657
5832
792
10118
8144
7239
6209
7097
1036
7604
6642
4613
2798
12206
9843
7624
6530
1804
3136
1768
6214
11663
6126
10895
4978
12092
7602
34
26
11755
4462
10373
4036
6764
6246
10984
10886
3596
10204
2373
5433
4045
1317
9025
1174
7278
6882
2887
7473
2820
5086
5385
5134
2485
4091
5823
3372
1801
967
10095
704
3406
2462
847
2879
12171
2676
12034
3275
3072
1126
3189
2600
6256
2825
11657
4420
5516
10957
11369
4236
9150
2811
1007
9571
5465
7001
1932
8617
4690
12133
8532
7567
4933
2352
8852
9414
7833
4324
7414
1818
5590
3948
1546
12115
7400
5106
318
1629
2995
656
2066
1936
9303
10732
1962
5358
6083
814
8638
11991
6438
13022
11751
12943
2442
8916
6582
516
6204
3342
7009
11584
10160
444
3304
6320
12892
6484
5121
4833
1264
11604
5123
8450
1019
6258
6169
11747
11509
1719
9300
3388
2156
8975
2638
8992
9697
10492
1829
9047
11358
11503
1566
8900
9876
10171
9500
1772
3920
944
11219
7274
1447
8955
8014
7051
3943
687
4122
522
187
5537
4643
12587
11397
7324
4195
6587
670
9635
11399
6338
1639
8332
9144
10382
4186
3313
3616
2111
9765
5227
2582
5181
12385
1342
7287
2030
2051
3071
1347
11894
7221
10422
5670
7699
7571
4934
4794
3457
155
7332
2855
1752
11910
10156
4927
5160
12293
9057
3759
785
10008
8033
565
13079
171
379
10323
3729
1778
4919
6346
2753
71
77
2580
7937
8784
7789
10715
5738
2427
12299
12003
2483
1047
2987
8349
1215
648
7343
4110
10237
2977
1849
1908
7960
12347
9612
4899
7242
4350
11302
7874
7741
6063
10651
12413
8382
10270
6888
9651
1201
11413
8674
5094
11367
94
5388
12020
11904
3639
12221
7646
9249
7917
9339
6419
5541
963
9078
1094
2088
6780
12185
465
131
7767
7399
11087
1718
9573
5241
10552
10603
9789
5552
4902
3201
10576
4983
2184
6206
5172
12382
10497
11758
10368
6565
3288
6273
5914
7793
10316
10762
7600
2315
6799
3078
10036
5955
3489
13067
3435
11412
9785
10547
8138
1486
870
5162
11371
4704
6344
5480
10661
11875
4540
8934
8894
11331
13072
7890
4242
8186
11193
10258
5790
1896
2239
12045
12308
5363
520
11671
10398
4500
7656
3123
2091
2780
4016
1368
11640
10596
8499
8798
10614
12467
2322
1874
10432
6649
11047
2293
10301
2319
5235
1412
10633
8827
7256
9124
2758
11453
5501
6422
10288
6762
4258
12908
4369
12706
8928
168
1326
8079
5687
9698
7615
9624
938
5225
6186
8816
2963
6823
13057
136
3884
6835
581
782
6418
6613
10255
2854
11081
6982
10733
5624
3013
12807
7296
7971
5557
7190
5656
8086
12670
809
9107
2480
9690
1583
3089
10953
139
6867
4702
7942
6832
6445
10841
8502
9799
11262
8406
5911
4153
7003
8254
6656
6324
5792
7820
1298
2463
6593
111
6180
60
8744
7010
4608
11060
5875
9703
11664
3590
11893
2087
6312
4007
2058
5771
10956
11447
4522
1439
8125
8203
4248
7419
701
5093
5111
2345
10200
9953
3254
9561
6392
3643
3301
912
6526
7912
5655
11092
4657
1081
7315
3507
9537
9463
12518
11254
4825
8663
3139
7089
1980
253
9397
1587
6460
10753
6845
3008
7621
4908
9347
3555
1319
3273
11719
6829
11165
10217
7845
1181
2878
10
5192
6691
7952
6514
9441
9564
12820
4863
6564
12896
6969
2451
3856
7607
6684
11328
11053
5870
4222
7755
1654
8720
6744
4580
7318
2129
8266
9788
5372
8618
6876
2430
737
11011
1006
4061
12222
3026
1934
1124
1871
13
1541
12786
3905
711
6583
2330
7721
2667
3956
12664
5475
8818
6005
1673
5850
4474
3718
8705
1232
760
9287
6011
10601
6437
78
4375
10704
12732
11153
2884
10131
4254
6633
3019
5011
10285
12928
2683
7277
11583
1035
10149
10632
12512
9183
5390
5981
10800
12684
10831
1428
12958
10238
6936
4651
5447
708
7243
11764
12351
7655
3952
4644
12049
3470
11634
9131
531
1294
75
2325
4112
10696
6579
2816
12086
7883
3812
2685
7747
8715
11191
11297
9505
9954
10968
985
5725
11519
3135
8087
9361
1703
1030
1128
3529
1464
9845
5122
9821
36
7670
2072
3926
4283
4793
4537
10477
6475
11805
9772
7029
7307
11982
2405
9946
8783
8034
11260
12552
5287
13006
624
8805
3272
1058
3689
4719
7132
1857
1013
11611
4689
3476
8223
12753
12930
4072
2661
9527
8765
69
4274
8076
6902
1024
2799
1133
9495
893
10215
7196
11595
11096
7251
3766
6877
4162
7164
4362
8135
1990
12325
11617
636
5645
1738
12632
6302
561
1741
9204
6986
8548
567
12268
2623
11110
5937
9109
2731
602
11607
6070
11551
3570
4020
11501
7316
6736
3028
1919
631
11560
1827
9678
6826
2318
5096
10815
6522
1272
12193
12397
1964
9491
7253
6727
4181
4784
9872
9656
5299
4593
761
10441
4749
9317
4261
8303
200
8735
1939
4339
8390
11548
280
5801
12242
9533
2649
5952
7575
2369
7541
4468
3289
4943
5165
9551
6713
8484
9302
9245
1438
11925
2321
5038
5185
283
8549
8417
10358
7855
11973
11430
6105
8875
1280
2338
11027
8372
439
9588
4296
10634
8036
4906
9049
7375
5004
11598
3757
10901
715
8375
10325
9960
12429
12874
6901
6313
8531
7269
4205
8374
9596
7297
5810
12336
431
456
2230
6119
3284
10950
4493
4
2900
12502
8006
2383
12182
7726
6706
2833
3763
7272
5047
2847
4616
13024
8569
6323
4742
8546
9918
965
6244
2106
4312
3980
3235
7533
10074
6294
5711
8401
11748
10853
780
3428
9891
5073
6816
10585
4315
4801
10512
6485
5559
4722
2389
2003
11127
5126
5397
12768
2355
5092
7328
8037
6376
5692
3256
11322
5780
2930
11069
9504
7782
12616
2947
12891
4847
1746
5245
11466
11093
9892
12131
10563
10300
11247
7314
8804
11781
294
12194
4069
6644
10787
12730
8488
7198
3627
3732
7653
9958
9016
380
12214
1758
1548
10951
8793
7267
7426
6254
6759
13005
10700
697
10887
7665
6388
4021
11851
3997
8863
5442
481
5216
6606
2911
3617
8539
2772
3146
1527
5546
3069
3767
6953
9900
7649
676
3387
12704
9550
11721
3935
9167
6332
12956
1004
8574
11716
2850
8773
9673
8917
11667
1390
12893
6201
10607
13056
3670
8514
2639
11209
12847
10541
9598
12848
9312
5043
5340
3788
7986
6477
13007
7147
4576
8057
8642
2827
8588
9285
10856
8393
5896
5493
1663
8311
10879
7535
2099
862
12156
4084
10115
1917
6803
6783
7383
2716
7627
2935
5129
10056
2986
412
12746
10671
8326
2263
2774
5922
9642
9169
8320
1557
10624
10966
3485
265
11923
260
12072
12294
1859
4569
3173
3344
6916
8193
8477
12859
9677
11799
9707
1701
10505
9176
10268
5965
5686
11295
12173
12239
4809
3190
11245
4994
1510
122
6135
2148
12261
2924
5303
5908
11174
4111
3103
6730
7742
1095
9238
7822
576
1975
9977
8973
3110
9949
6141
4095
5474
12571
12442
4705
8308
10102
10678
10103
5644
10483
2382
2275
11728
7705
9631
8614
8755
7128
9717
13074
5777
3087
12295
11704
3540
3859
5219
1805
2388
12862
9412
7524
4235
5662
8333
7641
1471
1212
8291
8280
4667
5401
4890
5791
3413
10279
8768
125
1885
8399
7611
3896
10742
2792
3727
10240
11676
1669
1149
7804
11109
2281
7489
12228
11438
2021
7345
7120
6183
4188
5568
11860
8274
8441
262
7209
8595
3062
9619
818
3456
191
9283
4700
7886
9076
7591
4815
10397
5506
4220
1971
9757
5676
601
4563
7131
117
1840
5673
7722
11072
6362
11469
1645
4567
7871
2873
4332
1107
5571
3679
12290
7738
8811
8774
7792
3178
3337
9902
5083
9054
9113
10615
2622
47
11026
12731
11693
5322
300
9925
9481
6247
11565
11631
8321
12707
219
305
5578
10679
390
7854
6629
10479
5193
12464
1203
5186
539
4335
8585
4305
10415
10820
8855
10564
11839
12647
11243
3464
8045
4187
5275
2996
2591
2095
11212
9936
3474
6973
9402
1977
9379
8179
4558
6700
7821
7694
12922
4010
1096
9964
12808
7295
2015
4227
9170
11377
8953
11568
7565
1372
6132
1986
2610
11270
10949
7945
8704
2031
1683
7957
1154
12310
10384
7775
5723
5625
7371
12098
5117
7028
9405
1694
2928
11559
9853
8404
11434
9825
3367
6954
10584
6034
5269
8676
1508
7645
5786
5081
1902
6220
9029
10771
812
263
3382
2525
7587
6055
6095
7463
9726
6671
8491
4223
2264
993
9974
4098
827
4230
8501
11452
9314
184
9420
8469
8009
8578
8920
6813
3216
11763
6283
7228
10406
8822
11362
3771
4992
12436
6767
11739
8025
10191
3682
11835
9981
841
1250
12114
9085
3311
5446
4270
4105
7379
910
3031
10687
166
6091
4455
53
10065
4918
442
8482
5807
2465
11342
2522
768
8864
5901
3921
12056
8987
273
2220
1923
4435
8921
7900
9334
5444
6263
10312
4559
8090
4862
7743
2444
7260
11155
8282
9191
781
7340
11530
7000
9911
3199
7635
5002
3826
7962
12971
10243
1027
6194
3331
2749
9715
3175
292
5972
6868
7539
6101
2807
1533
3542
4831
10535
986
12195
849
1362
9483
6802
7430
2377
639
10616
2235
6714
1799
5457
12962
11770
3691
8632
11284
9136
9744
2070
12471
10275
2781
8069
6380
251
1257
5789
12386
13060
3586
3411
1598
9215
11685
6977
8579
8151
9716
12560
10926
11019
12004
2611
11049
2113
4645
7898
374
9608
4759
11760
5776
3193
8535
10259
11621
4555
5759
1344
10261
8022
11041
12872
2880
5828
1025
11279
7532
6925
5818
2630
6001
958
1544
3034
7283
10442
10023
10306
11139
10833
2374
10852
10322
3295
990
4682
11927
12865
10523
3615
3398
9035
5592
5989
10064
1103
6898
2744
842
4302
8103
8346
8739
7859
12013
56
1340
12710
3040
4491
7763
1147
12842
8978
7765
7418
5547
4497
1068
209
3841
11666
2457
9036
5362
4981
7598
10943
12075
7213
7137
3901
9388
6160
4623
2153
3641
10153
12457
389
10608
11099
9567
8312
8667
12247
7217
2768
831
361
215
1399
5615
9649
11529
7145
5326
12899
2970
12519
7448
6992
914
11487
12409
5730
8050
653
3353
8360
8937
3070
8580
11442
3786
4461
7951
5131
9915
1307
6082
1240
6282
12705
2181
2107
6347
7354
12360
10203
931
11796
6002
9311
10846
8265
3704
4771
8702
9338
6052
8561
5788
6875
2359
4191
5115
5614
10309
101
5979
5451
9855
7057
2637
4763
8468
1855
6993
11989
10469
9121
9810
3619
4797
322
12698
339
7861
4182
1434
6069
11580
9041
4037
4611
1142
9989
10228
3836
5843
12225
5607
5277
3045
9225
9512
8611
8645
4848
2636
1075
10157
8486
158
9320
1131
8046
7973
10419
2669
11007
12813
5988
12412
11843
2339
2053
3184
5113
1424
6658
9011
4538
214
12384
8627
12515
10083
10664
7899
4891
7803
4352
5118
11140
9122
10122
3653
4802
7858
9096
10224
11727
3551
10993
5717
4097
2576
4882
4926
4079
5677
2671
9017
6450
1
10855
12725
1636
9396
867
1844
1104
5704
12744
2081
2657
11016
8807
3881
5617
7564
9469
8023
8449
5197
6571
9466
12973
7122
1891
12878
3420
9838
2052
2577
590
1173
7286
2420
8753
8866
774
9534
4715
6423
8131
10453
1121
5100
8976
11746
310
9618
7857
12627
3991
6893
9271
5189
1922
9372
85
8142
9824
10863
2125
1797
8968
8182
7866
3779
8787
2919
5808
12708
9133
9692
11773
12033
12077
10214
376
998
12047
11255
1684
9893
12216
2869
11863
7395
10392
12421
8234
6611
800
3354
11654
10894
2175
6155
9539
999
1765
12404
10811
3261
5346
11554
996
9758
7507
7322
512
6653
8728
9433
9541
4947
2668
2656
10172
12238
5409
3098
12267
11594
9389
2984
2560
700
1863
9798
9147
7930
7311
11451
8368
6556
733
4320
9496
4064
8518
10891
4856
3748
10307
6202
1254
6766
6241
7073
3658
8146
3765
2779
2251
10810
10139
5551
786
7769
9846
5836
396
759
11488
9120
408
4634
11259
12071
5699
11337
6232
4519
3816
11490
8697
12370
10504
10929
4054
5332
4437
3155
10621
126
7090
1345
10780
9265
6158
12688
10835
3162
10985
2494
1152
7149
2419
1687
9040
8829
4442
12217
9060
3690
9425
12346
585
2356
2477
11283
4318
7250
1178
6623
834
9132
11828
5712
923
12183
3245
765
12134
1664
3815
6880
6300
1171
5190
1020
587
8100
448
11372
6200
9822
11232
12023
3242
10143
391
7972
5612
2123
2778
503
1010
10801
6251
12070
12063
5761
12523
6889
6678
11194
11440
1603
10683
4977
2569
7398
7578
6413
8619
10792
3202
8143
4717
4482
4823
8293
8177
5950
2258
1504
5075
9745
11861
9092
534
3509
9252
1000
878
3703
6758
10367
2139
1807
3983
12814
4394
11724
12269
5778
5416
11148
8432
3400
10532
1175
8629
2732
7676
23
7109
4913
7086
6576
2126
2643
6439
9398
10981
6626
7189
4074
4698
11662
939
8471
11269
10148
6946
3694
11949
5586
2705
4979
4316
1581
12595
12702
5581
2006
5976
7027
6303
11960
3577
11176
2609
4353
725
4194
5098
8528
11062
7713
832
6274
287
9767
12550
3862
3137
9181
11079
5521
7695
82
3676
7465
3823
10918
1774
7432
1114
597
10292
11526
2714
10154
16
11717
1441
5191
10067
2174
8315
10296
10276
10622
3992
5209
9494
2581
8520
7285
10899
11090
9104
11944
5103
11138
6535
5173
7510
2905
7580
6682
4531
2944
3415
3444
2460
12019
11159
1268
3531
12650
8338
10423
8734
10340
9208
4637
8217
8325
3760
4621
1943
437
1522
12787
3752
12939
5351
12714
709
3448
4724
1165
9736
4329
2100
8065
12579
2975
5913
7450
2167
824
7852
12816
4399
12303
1947
1065
675
1870
12055
11840
3965
4581
4183
5128
3484
8161
10574
6507
5864
8575
11205
11627
11468
8836
7892
12260
10326
12979
12202
8155
10577
9351
3035
1880
13066
12318
661
6316
4755
6293
1503
11333
1825
8480
8444
5924
6855
5436
1115
4818
10101
7252
1784
2078
1293
291
947
3640
11945
10383
586
7704
2376
12659
6188
8698
9867
3927
7207
11516
2118
11199
6493
2075
11389
7689
7650
6863
12130
7488
8824
5297
4414
3441
9241
7906
640
8913
5141
3024
10413
4969
7187
10457
7569
2604
5379
12980
142
8606
4869
4708
7925
19
9358
5665
5341
11876
6020
147
6077
1685
8878
2955
10283
883
6146
10568
8270
6353
146
1073
5389
5594
4453
6797
4582
11765
11475
10197
92
4813
12143
5802
12381
3937
113
10047
6995
12177
7701
12656
11042
6673
9273
1959
9027
10627
2992
9935
2983
4585
7967
11017
3525
12207
2540
10604
964
12102
6453
12903
409
8658
2544
5964
9796
6240
5499
2206
2342
1756
6456
5424
12262
8423
9202
6964
6487
6430
10705
12661
11059
1273
6261
2703
12961
11511
3527
12934
10519
1697
9023
7610
11074
8871
3375
11173
2651
6508
5196
3299
4844
10450
7079
1262
5867
353
1490
1817
2871
8042
10626
4638
7048
3076
4967
1705
10837
7554
2602
9919
5868
7975
1547
10196
2313
3669
10593
6415
8545
8924
10669
10041
2612
2348
12774
11556
3119
6546
1564
9447
8631
1597
12057
7049
6558
5064
10218
10572
2240
2472
9384
2450
2733
7433
6391
8310
5765
3988
5884
5874
1123
3675
3181
11597
4286
5110
9894
3056
7732
8628
6384
4477
4269
9597
11146
418
11428
3029
894
9261
9751
7416
4132
9201
3747
11459
3500
9070
4355
8391
6245
8974
612
4464
7458
3096
1255
2464
3333
1206
8184
5857
3042
3603
12977
4055
11478
8896
5313
12162
12729
13028
10925
6139
8364
9164
6859
4034
8278
5768
806
12761
5184
11701
4877
7494
10377
12584
2219
1523
5627
4514
6956
2752
5339
12592
3821
4886
12479
394
10954
13040
11163
1911
4147
2187
183
4265
12583
10703
10421
8706
748
9607
12410
6584
400
2653
4726
8112
2507
4542
5891
7608
5987
11572
11107
411
9827
6341
98
6937
11335
9784
9487
366
6125
8814
11237
9856
716
9814
7402
9050
9507
8220
2559
12676
5294
3623
7018
3010
8031
9594
11574
5031
11192
4958
2117
2271
4142
5556
7168
12623
10141
3451
8394
11277
8262
4733
6410
3308
12167
12271
10108
1709
4688
6047
6038
3875
4167
8883
5286
10491
13025
12824
4694
7490
3053
12315
10393
5797
10144
12556
7847
12418
152
626
10199
2784
644
7881
12517
8439
4392
279
2245
3160
10495
6592
4249
2747
5210
8451
6203
8227
4216
4604
10445
7282
9254
2680
3655
6675
9922
12534
11702
7778
6638
11206
343
5026
10087
37
2596
1204
12588
5251
11095
610
10011
9518
10227
9509
2838
1795
5406
9805
9488
6103
8651
11409
2294
8218
7706
3152
7932
8812
10528
8970
8899
9112
11924
9045
1085
2990
11305
10946
12927
3118
3650
1286
757
3734
12625
11456
8369
12204
4512
10308
6272
11082
2829
10267
1491
6156
4673
9792
130
9603
3468
9173
269
8530
4026
12720
6249
2473
4386
5400
12692
11449
4549
987
3017
2307
10496
286
1776
7445
9732
3365
2218
11216
1579
9391
7067
3584
5629
8782
2217
7485
6651
10969
4546
12302
1890
4731
3902
822
8979
6073
9890
5350
1628
8853
328
4892
6106
12021
6712
11186
4322
5900
6306
12368
1472
1889
5376
10697
1543
10910
9653
3775
3645
1785
2949
8537
232
5414
5148
8077
2172
7481
11992
3772
2074
3436
12433
2882
6631
7439
2273
8810
12465
6976
2946
10517
1393
1883
11818
7955
10717
3825
920
2116
10376
5527
4739
2194
6215
4843
777
815
3882
6968
9227
7292
2089
2585
8576
9748
1118
8376
8891
487
3246
8981
3176
12528
11290
7066
7162
11303
9501
9228
7247
9471
2681
5602
1334
7441
3719
12965
7013
9868
5053
5289
9749
11932
2412
8106
12462
12392
11462
4579
4501
5327
4412
5672
5494
10707
11644
9292
11896
3151
7560
12557
8746
12482
9223
8096
9091
11846
12453
2701
5745
2169
202
2042
5124
12894
11916
5485
3544
6724
7864
5430
10698
4826
8267
12106
9930
905
11756
2994
3168
5958
10128
7179
259
12885
5292
7829
8073
10027
4904
2682
6110
5033
4751
7236
467
6837
12248
1150
5046
430
7275
3427
3665
3706
5473
6024
13009
9982
3673
911
3633
1395
9614
8756
6027
8966
1470
8277
5885
9269
204
8030
12438
1961
7108
261
1989
7502
3169
13016
4243
6840
4336
6009
2629
7651
8000
13064
2054
2534
4654
10436
3847
3661
1351
10962
4053
1305
2160
29
6335
10461
668
12229
12321
2326
11363
1549
10039
6866
7816
9735
5429
3121
12297
9880
5470
835
6504
10094
2804
9081
10549
9704
2831
12062
10660
360
12026
4185
5239
5266
11375
8489
10642
12301
1227
3469
5305
6577
852
6394
10721
6962
12532
11160
7991
3033
11350
3764
11267
7672
5526
5448
4139
2466
5195
8842
12582
10088
530
797
1757
2719
935
9508
1836
2261
7638
527
8024
9812
1821
5877
144
403
10472
7501
11540
10395
548
4123
1992
1493
2395
11001
3257
12838
4363
7116
12444
12942
3870
8005
3227
1426
3224
7849
2469
12137
9255
8751
3478
3471
9282
6432
7154
9600
5025
11538
222
3911
5678
8189
4915
4706
10514
11826
5496
8068
2280
3591
7882
11085
8803
10249
1151
9274
611
5213
11360
5954
8664
5001
4393
12609
9079
12227
11171
5109
8760
547
8474
1437
721
8808
199
9325
11235
5304
12685
7143
8828
12905
7752
11423
4626
12180
10071
4250
3637
12900
12107
1735
7835
9686
3934
952
4677
10912
8249
10414
12638
6996
9407
11249
609
12877
9978
1997
5027
10311
12053
10195
12561
9276
2969
5724
2652
1837
9578
10540
776
7444
2010
11272
8555
11862
11332
734
4505
2077
7964
4308
2425
10465
9781
3011
5671
1160
11678
2299
1635
10485
10885
2762
10127
12188
4433
8679
6314
6499
9576
3564
