981
217
2014
1362
3804
382
1585
3573
4900
5949
1232
1426
3448
6728
3400
3225
5810
2034
2679
1409
809
3982
812
2434
3582
6889
6411
1197
4252
6503
561
6541
6123
3495
830
6444
1798
4945
3978
2717
5208
5646
1467
4455
2719
3769
5652
4183
2931
1486
5091
20
1391
5788
1139
5178
999
3253
1863
1782
4280
5354
6239
6777
5743
6375
2611
6470
5832
5895
1224
6196
6357
2921
4874
3745
3999
5044
6084
2740
979
5472
525
1588
5929
685
2450
5589
3437
763
697
2556
6821
1160
3316
6684
1937
3927
2549
6845
840
975
2031
5410
3698
1219
3264
1805
4894
1506
2091
787
4860
1779
4337
94
1316
2501
281
1590
5787
1020
207
5852
2036
5696
2943
4826
1761
4967
2338
3449
6638
2419
3946
1171
3692
945
2519
6279
4985
3694
4005
1641
5507
2530
1596
3346
3477
2737
5773
4819
3330
2476
6008
6679
4018
2667
4008
5937
6284
1330
4419
112
282
4647
195
877
1704
965
2294
4846
5562
5546
5596
3569
6842
2641
1423
4686
760
2343
6729
5560
6466
5590
1265
1394
2835
420
2511
3934
6332
202
3685
2000
5438
3561
701
3422
6545
3146
360
2914
5309
4140
3076
6780
583
3940
3528
970
343
6179
5115
668
5497
678
1270
270
3270
3720
2950
6757
3954
3026
2633
3833
1377
2770
3587
6495
6333
6778
3022
4959
3406
891
1573
4606
5902
1474
2141
6552
3069
1399
865
1502
3900
35
6147
6412
2278
1222
3475
5511
5561
866
3655
824
730
6401
6119
6623
5236
2481
4331
5935
6212
2129
5491
2209
5345
986
1102
2999
2233
3271
1891
4067
1954
3758
364
5603
2009
5400
6608
6720
2093
931
642
3302
4966
6441
2341
5350
4105
4769
1464
3172
573
6168
3258
353
6105
1787
869
1758
5252
6918
69
2781
4898
493
6399
2962
6057
162
669
5758
5503
4560
6534
4516
1561
3113
1469
1692
4927
2688
3319
907
1910
355
319
2793
6620
5382
1510
3859
4065
3025
1312
4090
611
728
6869
5364
2191
5029
4774
1913
4976
6610
4279
5487
3570
557
1746
6872
6253
1864
5551
5084
1303
5751
3218
2959
5137
2702
5736
1439
2817
101
652
1669
3701
477
1932
3344
884
522
6458
6264
683
3876
3187
79
4211
3348
3254
5818
4399
3725
5583
4231
6856
5383
2645
605
5920
1301
649
277
1883
3742
3420
2784
63
2196
1378
1289
5956
6760
1212
896
4084
3093
3292
4644
436
4253
997
2316
3697
1209
6502
421
3861
5965
1036
2609
3809
6539
3680
5348
6658
6280
40
4968
5478
2150
2924
3813
3289
5296
4453
2189
5371
6321
1828
4436
3881
2098
579
4410
2821
6820
1759
3762
948
1131
2095
2886
3298
6905
184
390
836
2037
4993
1417
5828
6260
2012
4168
2234
2544
3000
56
3526
1847
3755
5165
1742
6461
663
1042
6555
1045
1826
1603
5645
5741
4756
4335
5101
4909
6740
2624
5261
351
3532
3727
3341
2135
1664
6085
5709
1372
204
3873
426
3734
658
2398
1689
1297
5465
609
1300
2070
198
408
1736
2414
1460
3883
3492
1013
6876
1247
180
1770
6406
2603
1047
1523
6474
6032
1713
2050
306
2041
3388
3950
273
6191
2526
4431
4123
5524
6022
3879
3471
3643
996
400
336
3293
2071
3706
6719
1422
6040
6563
2804
6080
5260
2391
3192
6467
6233
6712
1526
2361
3221
5265
5473
6358
5854
6423
5089
4366
328
2011
5312
4988
2911
2654
1896
3075
988
536
230
3250
4498
1569
1715
2534
1236
139
3687
3713
1221
4076
3161
5194
6050
442
4609
4377
3645
5066
1152
765
5907
1894
5660
4205
407
1256
738
1824
5908
6263
6451
286
2495
1786
6299
4289
6733
374
6116
682
2066
4357
6020
4675
2496
6094
6418
1511
2319
3049
4336
6743
1229
27
4704
4479
4230
2982
3205
6310
715
2128
5037
3366
2522
1635
3215
3715
6373
4547
455
5526
348
653
5941
3244
949
2587
1878
2042
5052
5344
6396
4050
366
1109
5984
3200
5742
2801
1882
2272
5386
2930
6617
5575
6255
4152
6557
6148
6808
3945
26
4340
2277
6447
5440
3110
3015
4228
2515
6692
4273
3152
3552
1729
6505
4517
6879
1080
4910
6006
388
4278
1592
3393
4745
3322
5297
6647
3011
424
4829
4689
4849
2420
5544
2940
1866
6882
3019
2003
2486
758
5574
5031
6805
1084
632
340
5251
4165
872
6675
521
3678
1149
4450
3166
2127
3499
1807
2124
1017
6727
4621
292
6909
5633
6122
2792
5202
6164
2397
3584
4939
1305
5948
4954
1218
456
1873
6046
423
887
2913
5359
1055
6004
5636
6837
1857
2267
3970
1085
5292
2153
5307
146
5897
6124
5823
2662
5680
5215
4755
4385
5978
2716
464
6072
209
3837
3746
1415
5014
610
3955
4635
2906
3339
3401
2086
4497
6543
1614
2460
2890
4493
5861
1970
3964
6067
5021
321
1353
873
3619
6003
757
272
4694
3931
2062
61
403
5444
5525
193
2442
1334
881
2038
3812
3502
81
1034
1780
6721
5665
6293
2059
1906
2513
3889
156
1067
764
236
4137
4628
5874
6308
5185
2816
1535
3251
4803
2957
5650
3789
5095
1002
4489
2738
4726
369
5004
6449
6163
1404
1341
533
1481
719
1872
199
4570
1750
5602
2541
6711
4877
3648
5593
3473
2493
3067
4034
2909
5885
3372
4680
2638
4688
4892
867
5158
1763
2065
5713
6802
3397
5443
3378
6058
1698
1458
6520
2552
3317
6661
928
5214
11
1960
492
4739
6296
974
4382
1818
592
6868
2276
3239
3677
5480
1418
648
241
2933
3058
1665
5529
194
801
1235
600
1539
3937
6171
414
4811
534
5769
6639
2925
5433
6218
4913
2389
398
362
3357
3909
2757
380
1254
727
5706
1836
1293
4002
251
4591
4839
1147
4817
4225
2318
4655
2006
3666
5396
4717
6801
6309
2456
5721
852
3688
4891
5945
2216
6134
2735
3880
1649
5481
6304
4022
1821
590
1387
3009
5379
479
1630
2296
3606
1616
1412
995
3723
2809
3252
674
1000
1381
2053
3530
4254
2988
3684
1617
1379
1876
6408
4619
2353
841
3470
5784
6795
6276
6384
6764
6266
2054
5204
354
1875
5278
5161
6019
1028
6765
5177
5270
6068
2461
3592
507
2247
2929
4840
1442
626
2477
4979
435
1087
2776
3764
5749
6607
2881
1110
1683
6324
3235
6074
6633
2386
6858
6594
5848
589
1076
2426
263
4094
4778
3020
5240
5901
6027
3831
3947
44
3957
5120
4541
5372
339
2134
6606
6509
734
800
6159
268
3905
3004
4772
4981
4380
5149
6205
1430
5
3539
4996
4170
2750
676
4825
2322
3079
1240
3511
5186
2692
1071
1957
168
1996
6060
4577
3148
5541
5232
3805
5291
795
3432
170
5657
3822
1375
96
6088
4173
1344
5537
2618
323
1934
2300
6344
3563
3186
746
3233
5451
4831
1560
3992
21
5836
4048
1342
6559
2326
1282
6158
4010
1514
4921
491
4057
114
5738
3718
6256
5347
4742
5131
3124
3479
2231
3144
5322
3370
2648
2416
1005
2815
3408
6636
2765
1923
1880
4052
4566
1564
6219
3830
4944
6556
2500
5550
5035
4215
1900
803
3099
2043
5563
1473
6183
1869
1123
3555
6560
919
2977
2966
5616
4543
6655
1974
5092
3368
5333
1015
3122
6804
231
1647
6463
3168
5778
379
3303
1376
4194
4725
1948
3464
6409
6407
558
4605
189
4490
6501
1571
1907
1512
4156
2131
2639
5833
1543
3241
5367
497
1834
562
6290
5913
5230
992
4816
898
984
2567
4301
4240
2288
6033
6010
5314
4259
6875
4645
8
1965
5009
2892
2935
665
2046
127
200
5748
489
923
659
6736
3299
4118
5227
2445
4320
3517
3783
2634
3469
1298
3077
6737
446
5375
3136
5231
6862
6096
2800
5234
2430
1636
4886
2590
1245
1589
182
5855
1450
6001
5906
2742
1792
5804
1187
3993
2745
2724
486
358
5061
3659
2746
6227
6912
1173
2443
6287
161
218
5598
6073
2290
5847
1993
2721
460
4108
604
6024
5967
2712
4435
3062
1577
6143
1740
2115
3356
3039
790
4154
538
5406
3061
5330
2179
6221
5269
1424
6225
1959
3131
5760
6371
4475
1799
1385
2570
725
5506
2455
5648
192
3926
571
4604
2039
4631
2826
1204
3604
499
5287
4697
817
5798
2099
3820
4145
1984
6125
3811
1999
3102
131
1264
3421
859
4322
637
4964
1093
920
2728
2437
6576
5615
6291
276
638
4012
2589
5998
3516
1234
4974
3787
2968
6097
3527
575
4303
2523
373
617
4175
2109
2845
4903
1370
166
3032
1333
2494
4044
4454
5624
5517
2382
5827
2029
2953
5394
933
5803
4141
5953
2157
5130
4425
5450
4136
3928
6118
6645
6640
3031
3390
2900
5127
759
4512
1413
5627
6475
6454
5415
5160
5401
4901
301
4127
1893
1443
6634
5488
6410
2564
2458
5658
6146
3877
1975
619
6009
6641
332
5294
5233
143
837
315
1402
2383
3853
3817
972
4698
6144
4853
1936
220
684
3345
4029
4371
3885
1503
142
6182
3104
5654
791
4711
475
6348
4480
73
3226
6822
5326
4345
742
1572
4950
1175
5630
2329
159
1747
6456
3693
1148
5585
3140
5085
29
5419
4601
4011
4061
2253
822
5872
5170
6873
3158
5011
985
1657
6830
5966
6101
3018
4822
5890
3509
3465
6149
1446
4889
247
1681
940
5972
394
1877
5027
6643
3819
4703
5262
1355
1624
5136
1557
5387
5971
1449
2844
169
6392
4468
152
2325
2449
90
4376
3180
5981
639
4836
1579
6707
4963
1183
5500
1982
3135
6887
3765
6337
1744
43
4219
6037
868
5320
6478
861
4510
3657
368
785
6676
2112
5362
6558
3538
1676
3535
2215
5040
293
109
5338
5678
4072
4013
5317
1074
111
2958
4388
3770
5692
3203
5174
338
789
3798
2512
2346
5464
6681
3006
1940
6722
1031
2305
14
17
636
2903
3188
1386
25
4779
3202
5980
786
5632
4923
6199
4532
6211
5987
4409
6843
4637
5581
4957
645
695
3181
2678
1037
2459
3048
4193
1124
6490
983
4802
1082
4801
3756
6021
2403
5782
1242
41
2347
6137
1829
3488
4765
2753
2335
2368
5062
3917
3543
1983
3894
396
5687
537
749
2436
6706
5056
3414
2777
2656
6536
5139
3803
6754
1946
624
4876
2819
5921
2393
2905
6052
4390
5455
2848
6369
1092
439
4623
1639
4502
5023
5912
2627
5505
1839
4276
5184
706
4599
1259
397
4933
1046
574
930
4155
4024
2008
6629
3721
733
666
3133
6014
6826
3282
6621
3286
3965
4290
3568
5917
5859
5701
6092
3581
5422
3467
5700
4761
3832
1062
4576
1902
2562
4305
3047
6368
4656
6770
1041
4583
3149
6151
4554
4813
5454
6395
5808
3024
428
1540
5681
6812
5947
3506
1151
2117
223
4871
1741
921
834
3586
6592
5607
621
3491
4414
2464
1044
1800
419
3750
6644
2144
2831
1690
2575
1161
3139
3418
3326
2960
3901
1888
6632
3679
4208
4695
5413
3686
2212
6065
938
744
2730
5722
3808
5797
941
4221
6888
1831
2411
3564
5597
4616
2980
6488
4545
3759
6271
1781
1484
415
3010
6565
5276
6240
1178
3826
24
892
4101
1217
4625
724
2257
2967
5732
4046
6690
3510
2668
5982
6367
3653
6603
4162
3728
402
6861
1845
2574
6443
5545
4299
4607
3827
3001
5323
2249
2239
6215
5622
6713
3307
4396
3665
6548
5351
2387
4701
60
4256
6883
6819
2842
1850
4415
4143
2578
5837
6108
6866
2002
4386
5078
2485
3541
6030
4608
1145
2478
4569
5477
4328
6593
3092
1326
5229
279
2121
3615
4633
2336
468
3445
1952
2412
2670
6485
2867
1711
3508
3320
3494
3795
2016
5856
5653
4292
3515
6209
3017
4196
3340
5926
6913
2385
5934
2220
847
3198
1677
3145
560
4809
2866
2649
5067
2429
4043
5539
4351
4660
163
5566
2217
660
6476
5108
2010
3272
4503
5557
1868
3549
2600
6081
3656
1976
2292
5099
4474
4214
3867
6093
4548
3232
2971
548
4770
308
3866
2870
2327
4671
1583
2858
5353
1461
5514
5963
3986
6480
5723
1053
3958
3021
4578
5334
5842
4565
1280
5515
5088
6190
6762
4082
1134
6389
4613
3083
788
275
4176
2020
5799
3242
4463
6660
4187
5776
908
3358
4983
4977
3673
6292
699
4070
6349
4890
37
3757
4989
828
6462
3960
2130
4914
1989
6572
242
213
3493
6169
6404
38
288
781
5138
2470
6017
171
942
2223
334
3273
4448
4080
3702
6429
3646
4130
6481
5045
484
1133
5841
4255
3908
3585
130
1694
150
371
6460
4723
2580
6111
5983
1538
2799
747
6139
4164
1597
6758
1146
4092
6079
657
6172
2024
3595
66
6631
1987
3050
901
239
2063
811
2401
1766
3415
3332
4818
1073
2457
4861
3760
5303
6403
6160
2979
3381
4684
1086
294
5675
5900
318
2302
3431
3208
6207
5355
5744
4648
6825
3409
4733
4589
6691
1961
6914
5107
568
1851
1117
2090
3744
458
4936
4958
3920
89
3566
5548
825
2915
6386
6434
4074
1530
516
2297
2685
4653
2148
705
2677
225
5554
1029
100
432
2771
6334
3834
3394
629
3749
4528
5625
6908
696
2273
309
5641
1757
622
6810
4582
469
1771
110
3125
3138
4970
3385
4500
6773
4441
3313
4151
2899
3163
1772
1126
2628
1077
4586
3164
3983
4744
3046
2948
4068
6370
1354
5319
5335
3353
2061
4883
4542
5109
5308
6782
2354
4942
2697
4994
5794
827
4590
947
6715
4423
5225
3546
1915
6257
316
527
723
0
132
4226
2177
4781
2342
6836
1998
1485
5540
6515
3227
3707
473
2926
4373
6544
1120
711
5549
4169
1349
6763
5340
4585
3407
4142
3618
5412
3240
6055
5858
457
6043
87
1291
851
751
4374
4758
2822
5172
5102
1967
6577
6041
1549
1257
3842
6657
6262
4477
3466
1606
520
3843
5332
1823
1611
1697
1383
2106
1038
2438
736
5684
6173
6670
3896
4471
1841
2487
818
6586
702
5647
4519
3505
5103
3669
844
6301
2733
4268
3120
4750
3351
2883
2228
6580
5558
3729
3949
5536
1753
813
2874
2504
1553
6090
6362
6078
4418
3886
3454
2995
6609
2751
2535
512
3002
4924
33
1281
6232
4501
1094
1318
511
6177
755
1531
5489
5699
4549
2704
2862
6656
4699
4598
1156
2139
2991
4135
5754
909
6249
5775
1718
1795
3291
816
4789
808
2902
5774
3625
55
4417
5290
6903
6320
3583
5705
145
4863
5398
4001
4338
2269
298
4488
1942
104
1919
1090
5337
313
1466
6140
4315
1524
4650
4285
3562
4730
2927
1027
3350
5237
5016
3278
6667
2263
2483
4844
5905
1508
3890
1905
3277
1359
5072
5682
1497
6071
6103
3126
2122
1407
1040
2893
3858
3712
6813
6319
5781
6591
5057
662
1471
1767
4992
5144
6916
3489
1627
1754
6776
784
5280
3560
2058
4634
4677
6278
3736
485
1010
6735
4736
1675
345
6214
2937
2235
5249
3836
5288
3349
2164
2755
3575
2472
897
5156
3612
4035
821
3459
1578
5079
3165
6662
630
2527
6366
2665
283
4495
1249
3952
5757
4323
6436
4523
1405
1794
5542
2964
2049
1887
6818
2783
6602
5875
6863
6465
329
2683
667
3482
5000
1631
4368
4597
3975
3369
1613
1654
2554
3914
4343
3121
365
2133
857
1519
5193
6582
5272
5819
6028
5324
3627
5809
5635
823
3352
6790
2123
596
5715
4304
5147
4112
6075
1797
2376
4911
5152
4875
1870
3855
6107
772
6413
2536
1050
5310
2675
5171
3337
133
324
1162
5224
5183
1918
6016
4887
4679
4077
6224
679
5763
4823
4835
269
1618
4714
1285
3981
222
4037
6611
1068
1858
1331
6181
480
4659
770
6430
3081
5428
4908
4203
633
6892
2811
5793
3911
5460
5547
768
6457
5173
367
4180
2599
2888
874
1287
4261
3717
6117
6562
4364
6432
4159
1881
5328
3870
1440
3522
2462
5325
6162
46
5853
4864
5003
3428
2880
3098
6339
50
6363
6574
2509
2243
1492
3389
6100
3118
4045
1854
4329
6731
2227
1380
5564
6419
5245
2553
4731
1785
2780
6514
6306
6082
5456
5620
6522
4796
6725
2808
1207
5404
1169
955
2507
4174
6853
5801
3108
5745
2405
4310
6867
5374
4972
2180
1455
3892
2572
76
1276
3778
6815
68
5461
5899
3714
4241
2651
1253
2594
4293
487
3763
5614
6372
2944
5189
1327
5218
3065
4504
6393
1304
6807
5820
1846
5767
2474
5180
375
1666
5369
1973
3988
6102
3567
1382
6612
5442
5670
5114
2345
5318
4125
6323
3953
3599
1296
2876
2092
5146
1969
3902
4042
3310
4526
4392
1544
4741
45
4795
3878
5577
2081
5759
3609
904
206
5839
3359
1095
6335
3411
3773
2856
6294
4615
5977
3990
4975
3523
4897
1686
1180
5944
4066
1096
3932
3129
5018
3206
454
1859
783
998
1368
3929
1384
5255
3741
2898
4063
422
1468
968
6428
2224
1958
6628
224
989
3634
4402
2384
5080
341
2542
6220
2621
5435
478
2119
6831
2529
1433
5065
1693
1751
4051
2425
4804
3740
2333
1227
3228
6026
5142
3276
1809
418
3839
5360
5220
291
1813
6244
4243
2032
5812
5851
1325
5238
6885
5365
6665
2669
1922
4383
3671
6479
939
124
2371
1674
3361
3116
634
2607
4538
5429
1867
4574
4333
4920
4288
2939
1914
4838
32
3107
1069
1107
4612
559
1026
6537
651
2517
6783
1501
3485
1059
2019
1317
599
2922
6786
5219
6702
6652
2585
6317
4472
6732
5873
1582
149
5534
2440
3013
3572
5930
1667
1929
1853
3376
870
2084
5274
2703
1979
3661
990
6274
6261
4971
5285
1658
6528
93
607
1968
4683
1478
3608
3450
2775
3266
6595
1188
4360
1580
244
5105
1163
2546
3705
1760
1536
243
3994
552
6197
4780
1142
1462
3829
3371
6642
5924
5414
656
4961
3675
6113
1594
969
3998
508
5814
1122
1916
6653
4799
3939
6525
3417
5569
2169
1496
9
4878
6518
5958
595
2113
248
4641
1194
4242
944
4670
2774
406
2743
4311
4406
88
4691
1949
6157
5069
5950
265
2698
488
3801
3794
3204
2680
6910
4676
1927
2417
5495
3921
5795
3343
4121
3331
1904
1483
6677
5267
3094
1684
2013
18
876
344
2379
5253
959
5210
4393
6484
6637
5637
3537
3690
6070
86
498
5747
4354
1735
5268
1058
4486
1138
871
4584
3943
5087
5762
5006
1719
2850
2538
6546
5727
2226
1933
5073
553
4520
1696
641
6753
4297
551
6282
3626
2435
3544
3150
2974
4540
6834
4682
138
687
1791
1980
544
1790
2525
4632
5860
3925
3913
3064
1623
4842
4998
5764
1835
4888
176
3554
3976
6709
833
3262
2637
404
1447
6132
5765
1125
5129
255
4696
3951
2710
4667
1263
1752
3196
2365
5200
3806
4334
2168
2004
1186
3777
1855
5246
1917
490
3699
3101
228
234
1885
4483
6302
3395
2508
4524
1223
2293
2551
2747
4258
5831
5664
4946
2280
894
5936
5786
186
1723
5676
3441
3534
3956
2613
2647
3335
3082
235
6161
2581
2758
6781
4107
51
5458
4788
5470
2469
3137
5877
4643
1189
3296
1939
6896
2126
577
4931
2007
3260
5994
3847
6402
5870
1977
956
4270
2488
438
739
1111
6851
584
3540
1308
2760
5071
4427
2198
2378
4467
4379
1997
4348
6630
2934
3871
4763
4251
6564
82
5724
6272
5063
1432
752
2763
1130
2158
6364
5800
4465
2843
4845
1986
5143
3364
5824
5247
3840
1025
5449
5591
6775
3605
2067
597
1789
4800
6350
716
5499
2997
3044
6439
5381
864
2919
3281
1712
4059
615
1810
3899
3875
3884
6300
1410
4777
2022
2205
6013
2182
1528
5533
203
1941
5668
1267
91
4852
3055
3112
2787
2251
2366
960
3793
6346
4028
433
1634
4262
1897
3171
6742
1393
4054
1811
1374
3447
125
1668
4907
2975
4249
5254
5408
2040
216
2531
4843
6036
3375
2027
6597
6823
5711
6489
625
6178
4321
646
4533
389
1621
3087
3380
5584
3066
5730
4556
290
2465
911
2713
2727
5007
6527
4912
2317
5196
3667
2855
628
2271
2244
5834
4358
542
1320
6141
5578
4752
5543
6200
2696
1755
6683
158
1016
4865
5642
4658
6316
2258
1575
2056
5390
6857
1802
5582
215
5857
3888
6377
2423
1286
5216
1127
1599
173
3824
735
5733
4685
3091
6891
5520
1840
1532
6673
474
5311
5609
1103
1172
6745
2561
3305
4834
5892
4805
5737
5619
6849
2312
4071
3815
434
5176
2797
3433
5336
4785
5974
3968
2221
3363
3620
3209
2114
2885
1215
5403
1601
3574
3045
5053
3611
6482
779
732
2499
3333
197
6042
740
4161
1756
1089
4571
6730
5457
572
4440
4766
465
6687
317
6064
6694
4182
5168
1640
6127
5002
6198
4885
4202
4412
5969
108
1856
6663
3054
4922
3674
1814
1591
4791
4171
1081
496
6796
1951
1721
1714
2161
4932
2722
5279
3446
5673
448
2715
3838
289
6273
1335
13
2672
4820
1206
6121
417
2655
1463
2976
2328
4546
5689
1743
644
6329
3223
3529
4117
5166
1908
6270
5659
6791
5010
3904
3610
6109
686
6779
4588
935
4434
2901
4593
5068
2861
2573
4359
5266
1337
1733
377
2681
802
623
4956
2380
5286
6343
5046
1774
3105
2877
5169
6420
3782
1605
5148
681
2657
5483
3016
4179
6277
3132
4411
4485
5459
4792
6112
5629
3294
5020
5864
1848
6110
4952
5395
2048
3117
2841
2373
4551
3109
627
6283
116
3704
3284
4133
6025
3070
570
4384
4237
57
3328
4881
2147
5893
3373
2410
2339
4937
6241
6175
6417
48
4693
5691
1838
6018
3579
3134
4536
1388
2149
581
6627
113
4459
6174
3194
6405
1748
5126
5527
6700
4365
5690
5025
107
4600
853
350
5110
6077
6445
2166
2602
5968
6542
1435
6286
2824
1406
4690
4116
349
1638
5327
6188
1208
3767
5250
1024
4401
3457
6797
5796
5755
5157
4568
495
4955
3153
4712
19
2352
3663
2744
4797
878
4350
4282
1351
6583
4113
5600
2752
6297
1820
136
2364
2446
6716
2132
5402
4039
1879
6442
1200
5008
4257
296
1302
2184
2088
2078
6352
5865
3086
1633
1491
973
5955
1310
4269
614
1705
3874
62
3596
2207
3959
914
4654
4199
4102
2358
3897
4263
4807
5946
5289
5813
1842
140
444
991
1075
1716
6588
5887
1803
2295
3895
1116
2814
5316
3423
6881
3178
1363
5167
3268
3243
1231
3474
1275
6693
3308
1584
2622
1329
6499
386
6288
461
6193
6824
2489
4928
2894
4266
6230
6342
6649
1006
2284
6130
6498
3979
6195
3792
5884
4553
4491
692
6561
3924
5674
6438
3933
3384
1673
6326
6685
183
1431
4518
2983
4138
2571
6919
5339
5409
814
1136
431
121
3781
3059
6453
1565
3944
6689
2467
2625
6551
2869
4721
1195
3828
1493
6452
2452
4004
4153
6774
6718
4109
1769
4000
5125
245
4515
2768
1135
5192
1517
2586
3630
1646
4751
5182
6599
2390
6917
3315
1720
946
4484
3034
777
6091
95
6841
532
593
3818
1271
1252
6832
2619
1007
1889
5940
1525
826
2116
2631
3810
6605
2923
856
3633
1966
2506
413
6216
5070
3
4947
2863
4400
6870
6893
1100
4530
714
1784
6242
5300
1
2510
1057
5768
1688
3893
2547
2375
6029
6803
2741
1625
5074
1812
2005
494
4404
4636
229
932
119
322
1953
2691
1699
1727
3691
4185
187
1322
3461
655
6237
190
3557
2849
3042
5718
6874
1199
405
1346
5835
2355
6176
3224
260
2200
6235
3115
924
2955
2035
3193
2754
3231
550
6570
6098
5610
2545
3234
1833
1023
2954
3167
5923
2266
1700
4978
6533
3261
2044
1660
3640
3219
2676
6809
4229
1336
5739
4847
3791
1465
4572
6106
410
5683
5770
3217
165
303
3891
3084
23
5785
117
1255
754
4757
3603
1314
3919
2739
77
1726
1620
1552
2520
3743
4016
2170
5370
1505
4027
4715
6573
578
5496
5391
6380
4990
6890
3848
6228
3174
4394
3476
3090
2111
2749
1551
1427
6659
5436
4552
2528
1444
1165
3211
4232
2791
3279
5175
4858
4207
5385
3825
6590
1193
6696
1357
1248
4049
5849
4747
1950
5611
246
6254
3850
2684
6133
3456
3578
5263
1001
6066
2725
514
5058
1309
4810
6650
6526
6087
2359
233
2299
556
4053
3616
5159
6251
531
1056
1421
6138
2367
2017
4100
2626
4456
153
3190
1185
3922
4916
6295
6589
4447
5050
5513
2287
2806
4794
2337
4513
31
3486
4197
5373
6142
5017
5301
2421
5467
1619
1545
6766
5479
3130
620
2136
1350
4287
4596
3531
6152
5679
5222
750
6769
1307
1294
2392
2320
335
3285
4482
967
5469
2592
188
2213
1924
4190
1825
5791
2321
4776
3504
4222
6095
2484
1052
4687
6165
361
4341
1529
4681
6506
4559
5816
147
6189
6530
2557
4087
71
5349
4980
594
741
664
1306
3623
6800
5407
6053
6383
3614
2582
4346
4308
5876
3747
3003
4851
2360
2871
6415
6315
185
6654
1522
5863
700
1063
1978
2851
3600
3776
3179
1290
1548
6473
2972
6726
766
4267
6258
505
2996
4709
3576
6483
4017
4217
2291
3733
4915
1105
6422
2218
5649
6671
3035
1448
5485
342
3553
463
6854
2813
5475
4146
4442
6083
2610
5702
5445
1453
2076
1708
5628
5420
3784
1210
6234
3324
1144
1559
2965
952
5257
6494
6772
5518
3930
4808
4746
2828
2388
5331
5005
3238
1892
5868
3995
470
28
4470
3287
6838
862
6601
2568
2310
976
3367
144
680
3591
6398
4294
429
776
1815
5957
2108
4181
3199
846
6431
774
5376
4558
797
5932
5076
3312
3507
3183
3739
115
1890
523
83
6156
6015
3907
1225
3681
5342
148
4234
5059
4646
2878
1793
5106
3622
6798
3412
5203
5756
4732
1216
1323
5667
6243
2796
3056
2248
5283
267
174
6426
576
3735
4827
5244
5538
6145
6898
2984
1390
253
3405
2413
5707
5867
4245
1119
1817
2904
2275
1644
2956
1196
6007
848
5821
106
987
3057
849
6510
2718
3429
5669
392
2222
1776
913
3629
2428
3821
4134
4432
2406
885
912
6686
447
3438
1266
4369
5188
2632
1504
4424
2918
311
5075
1830
1441
482
2047
5239
2636
5523
4995
5888
1622
4347
2
471
4103
3041
356
4700
4617
5952
3300
1587
126
3869
1321
6267
4277
5640
5295
2052
2687
5672
5217
2172
4213
5661
5985
6751
5116
2709
2700
775
4735
5777
1762
1645
4902
2286
5504
3652
1801
4086
1414
4494
1734
3185
6155
3463
4527
2652
481
5783
1279
5096
5731
1695
4218
929
5623
6900
3007
4025
5579
249
3558
6054
3593
6328
977
1428
325
459
4177
5453
3100
1141
582
6464
893
409
2357
879
5019
5361
4614
2891
1451
2399
4020
5714
2332
3802
4663
5725
2245
5012
5093
5341
673
157
5992
3846
694
5916
257
6325
1408
1108
6877
6186
3314
4421
2917
6459
5054
6581
6246
3872
4306
631
4674
6532
5959
3443
4787
4953
2860
4439
566
5038
6794
6829
310
4239
707
3073
5039
4713
591
2868
5993
6884
212
6031
1886
1400
4573
135
3980
128
98
3005
6674
5446
6
2349
2259
6579
6341
1925
6311
2772
3468
4786
1157
2707
555
4581
6336
1367
5975
3501
5703
5909
3197
6755
1389
1662
2315
5915
902
963
3247
5806
4611
1416
6504
393
5973
6180
796
612
5565
769
6792
151
4206
1600
3862
3775
4848
6666
177
5083
2433
1487
4729
3514
2145
3865
4
1445
5207
6468
4129
1261
5571
2591
5098
5601
5704
261
761
4511
123
4422
2211
5034
2077
5411
363
4236
3096
6897
6827
1420
845
6538
4124
2285
3480
5356
2857
1113
4397
4649
2409
2192
806
3903
2097
472
2303
6584
3451
6391
5532
1284
3191
5047
1765
2356
4317
1610
1213
978
5112
3483
1106
3434
6150
4618
6204
5226
737
2853
6516
330
1269
307
4178
5840
5502
3323
5153
3038
1520
1489
3052
6099
5933
1140
3989
4281
4705
2726
2830
1332
78
4428
5060
6566
1022
971
3710
6381
5883
3550
4473
5954
1244
698
327
2595
4487
5198
3030
6433
4783
4430
102
5187
1931
743
2210
5305
5780
6833
2615
661
1181
863
5439
2370
6865
5530
602
6327
4391
5567
3097
1356
3796
4768
3458
1562
2952
4186
951
957
4047
635
5896
5033
266
1981
722
2060
5846
4246
6680
4760
647
1629
387
5882
6604
5452
201
6455
2102
3724
541
4224
2206
2018
2540
1021
807
6359
5399
6759
1643
4522
1509
3647
6000
3311
1861
1475
3425
3342
925
1844
6437
4160
1039
780
6708
3484
2920
3207
4461
4312
6345
4918
2666
4327
2195
4420
3719
3265
2686
4064
2720
5298
2732
3624
1773
5789
5750
4764
4580
1101
74
4139
2846
2431
5498
1806
205
839
237
6285
2125
2262
6245
1233
6669
3936
2577
4935
3176
1516
2051
2395
5358
5638
6789
1397
4319
513
2323
6414
4446
1348
2160
3157
5612
1191
3184
5471
1132
5826
2261
2764
1360
450
535
5132
3169
6387
6322
1702
5845
2674
6223
1054
882
4212
1262
6844
1899
5145
6153
5122
6855
6799
810
2912
4917
5999
6069
2400
3439
1722
3814
2073
4624
3027
1214
3790
510
3689
1911
4036
713
3498
2829
4349
703
565
4478
6469
4309
5894
4449
3336
4666
4514
5113
1930
4362
3154
5688
4272
6314
84
608
1547
6421
2759
3971
2190
6839
1595
401
2630
1369
6222
3660
2072
2852
103
1534
5891
4055
2363
6059
4707
134
528
5123
274
1243
5595
1944
3014
6355
899
1679
4492
6086
855
3621
4991
4372
2178
4313
326
1258
961
1396
4784
2270
3156
4006
4737
3490
756
1938
1521
6265
1832
3547
4166
2985
2340
1568
4997
3295
4661
4815
6750
2548
6047
2502
3360
6901
1555
519
6313
2617
1703
5931
6523
2404
2479
563
221
4841
4738
445
4986
6450
30
6472
6613
256
1347
4627
2162
5405
4537
2194
4339
3029
3708
5964
2839
3748
2802
2490
4904
238
586
4662
6571
5617
1278
1574
6756
2256
3672
2402
3114
6521
6217
4120
5463
4941
1576
172
47
2533
4075
4824
6247
384
2199
5746
6904
3182
895
2583
6034
3863
4128
346
226
3478
5555
2695
6185
3711
3941
6347
42
5321
6771
1315
3797
4727
5942
4283
1656
5124
6814
689
4905
3857
2910
2748
5881
1488
3731
1237
6697
4806
3752
1648
5343
4544
6744
6723
5432
4316
1926
6397
3571
1995
4370
141
6051
6703
4754
5209
3632
1018
927
5779
337
4021
4672
1260
2118
5378
3845
5346
4332
4144
3882
1653
3868
3658
953
2023
2143
4437
5880
5508
2260
4238
6619
5576
2778
6063
3732
411
1808
2825
1670
1849
3453
2706
4300
2480
5889
1324
4629
2471
5570
5825
2313
1775
3972
1558
4223
2942
4443
5866
5293
3556
4899
3638
6549
950
1724
250
5100
1945
1598
1837
4728
6194
3977
65
6878
4869
1709
690
1663
4850
359
3650
3849
2970
3631
2840
1251
1777
5662
677
5001
383
305
1546
6714
2734
449
2620
905
1065
1392
5441
5535
838
6231
6512
3426
1513
543
4452
5421
304
4790
1419
1739
1476
4575
1328
5302
4678
1602
1642
4460
1687
1764
6167
6880
1164
5752
554
164
4444
2154
4157
1395
3635
2175
3391
916
320
2057
1871
4579
2396
4960
4353
4250
5862
4640
1788
3283
6038
3997
1184
1707
5128
5140
4496
6749
5049
4033
3852
5509
3216
6741
2659
5392
4812
6578
6011
6738
5468
3365
4837
835
3766
105
5393
3518
820
2408
453
2993
2087
2080
2173
3703
6699
6618
2989
3668
3991
6554
4403
3545
6497
240
4716
4104
5914
4457
2936
1121
1166
6701
6535
1373
5771
900
5919
6768
1607
875
1749
1843
503
5528
1470
3147
2441
994
2660
1343
936
3063
4198
5430
1459
3548
16
5962
2579
5048
2769
3602
5117
3973
5643
5986
5119
3963
2623
1019
3068
5693
1499
4083
5671
524
70
6553
2705
2171
1239
6847
2550
5417
4507
1962
2309
3601
4216
6361
4342
2330
3942
1632
2916
179
3730
6061
6748
5871
4009
280
5299
5815
3589
6767
3033
4603
564
2344
5656
3644
99
5655
6374
6695
2773
3851
5248
92
2101
670
1352
6202
980
2884
3028
2308
2981
122
501
4381
175
302
6353
1554
5531
67
2447
3383
3639
2187
2377
4508
915
2908
5951
4830
6331
3119
1581
3213
603
4669
5605
6268
4407
650
4115
5493
1671
4019
6550
312
4651
5613
3142
6848
3259
5418
5264
1884
2448
4793
3906
4114
5151
1804
3565
4708
4973
549
5829
3306
4948
6585
2503
2105
3780
1398
3327
2314
2859
6625
5910
6259
782
3230
1033
5991
399
5634
6688
1731
5729
4188
5726
5223
6615
1143
2103
5431
3201
4041
4148
6752
5082
6678
5389
2025
3676
2946
5922
1129
1228
2596
6378
4302
2381
2794
6635
2075
4079
5304
1901
4361
2241
1311
2304
1862
1822
6390
2658
6166
982
4673
2069
3170
6114
1438
675
5281
4286
5568
4896
2789
5015
1593
6587
5792
2208
4622
4767
2165
2351
546
2682
883
4639
2466
1490
5028
4324
4462
4706
2608
6238
5838
2714
1064
1655
3722
585
4872
2887
3382
391
517
3173
712
3274
4718
6835
2159
6275
5081
4352
6761
2699
1612
6793
943
805
1401
4529
2264
4982
1479
2306
2201
22
2331
64
910
6616
2250
4833
6864
6229
2969
1706
5163
1895
4856
254
5586
5850
2283
4873
3304
691
2756
4561
287
4150
6614
3085
2238
3435
1319
2372
613
880
2584
381
2823
2236
4056
958
2219
2693
2875
1604
5904
2524
3236
4499
4567
4093
5275
3786
2987
2518
258
5927
1277
6044
1615
4626
483
640
1295
191
1097
2805
4158
5164
4298
3427
2021
3737
3399
3037
462
5258
3500
2963
1238
6128
4749
1014
1477
5708
2736
1652
6531
1728
5879
917
1628
4314
704
1220
5206
509
1943
4638
1985
5970
6131
854
3771
2491
819
1935
4126
3788
3607
4509
3386
1230
937
5494
1494
3301
4284
5134
2889
5179
1992
1874
598
181
1366
3444
2838
5366
6895
3248
5811
4525
3088
5111
4408
2788
2671
2949
2407
3023
3823
6056
6298
2418
1313
4296
6486
2576
6622
2104
4271
4147
4469
6547
1060
5205
6915
6330
3430
6210
2555
2202
4919
1250
720
1137
3987
5943
6529
4003
6717
2994
2079
452
4200
5133
2176
731
3413
4762
6365
2451
4539
196
4106
53
1541
3918
118
3912
4535
5886
155
4378
3334
5377
2947
137
4085
2795
6089
2951
4326
6487
6154
3280
2475
5055
3051
5651
2872
5685
3785
2945
4595
5462
5928
1436
1003
4227
5315
4416
5282
4244
4969
2188
4925
1035
799
1717
5368
6739
3772
3220
5211
5686
2055
5090
5380
693
2729
2254
6493
6508
1437
6850
2832
160
767
2107
1500
721
3053
1988
1972
1955
3325
5817
2605
6062
3642
3588
5911
1956
5552
1170
2978
4248
1112
6129
39
6446
1048
3396
441
4132
2938
2301
4828
5594
3189
2785
4906
5516
129
804
3237
3229
2690
5573
6651
5466
1179
6448
4476
2818
4884
6648
2664
2990
5388
6039
1070
1361
1198
295
3985
5608
3542
5644
2281
4610
2559
3424
1816
5486
2369
5277
2928
6192
4355
6664
5869
5734
6382
3617
3111
6435
3347
5030
1456
3512
1650
376
3155
2232
1921
6305
5710
748
2186
6492
3338
210
6710
466
745
1661
4771
1299
3123
3774
1072
4131
1778
2204
2558
601
4032
5490
467
6318
3160
5631
6252
4058
5519
2298
518
2225
5097
4040
2163
1566
1542
5437
1637
1009
2468
539
778
4060
1909
75
3496
2646
1051
4557
500
6519
3521
357
2492
6425
3008
4026
5677
5036
5384
1174
4930
3768
2961
2790
1865
829
2030
1150
443
5190
3628
918
6496
1920
1518
2847
5988
2152
4775
4879
284
4389
1971
2096
1128
2604
2614
1176
1732
3597
3355
4481
5735
1725
5476
4929
1158
4934
5424
3525
3127
1032
6424
3779
4356
278
4587
3442
6187
4318
5960
1738
5592
3374
1049
2453
2653
3267
688
6269
1403
6517
4413
2082
3654
5162
2598
4531
3398
2268
4857
34
297
1991
5024
5626
588
4078
1898
1651
1066
5918
4111
5313
2834
5243
4192
2973
2026
708
4702
726
5878
3095
954
2454
1153
966
2074
5761
5572
3761
5717
1205
4664
1364
2537
4191
6126
5357
4854
4855
4344
395
4405
4247
5939
5522
5697
3269
6281
4594
49
2767
3288
4433
1288
3080
6440
5510
6351
2762
5191
4999
5898
3410
1246
3651
4209
2879
5155
4602
3256
2673
3060
4734
5925
5094
451
1159
3520
4172
1457
6840
1168
567
2142
6170
3753
5197
5618
3664
1570
4110
1358
232
6906
3329
5766
5830
4943
6248
1550
2616
1691
5363
6511
2812
773
729
4097
6600
219
2085
3683
5118
4893
3996
4720
3590
4464
2837
1104
2565
3962
430
654
4325
2854
1079
4630
5221
6672
922
1211
6303
3402
587
385
4987
5559
2334
167
4668
6104
2864
1283
3362
5580
5213
1827
6902
333
4965
3536
4445
5013
1012
2362
3460
3923
52
4438
5996
3503
6035
1154
5961
4014
2786
5621
3751
5284
2197
3143
6206
2444
1903
314
2252
208
1990
2986
120
5772
1434
2214
4233
3670
5077
5979
2045
1083
4167
285
1608
4098
6394
4880
3106
2265
4265
5235
1507
6817
3594
2110
4367
5599
6354
4882
1425
6682
3377
5329
5976
4759
2833
4091
252
3910
2203
5064
3636
2307
7
2242
5051
1586
4740
6784
890
1201
6746
1533
1167
4375
1273
2661
6023
4642
792
6491
6135
2230
3036
1241
5259
1004
6136
299
2505
502
5447
2094
1495
5663
4007
2761
1177
1567
2167
5844
4814
5397
5556
227
2240
771
6626
6828
4307
262
2635
4122
2998
5512
5753
5256
6598
15
2516
5306
4163
886
3513
4938
1852
3726
6785
2185
2543
3967
3974
2588
1272
5712
6388
860
3700
4451
6852
964
3580
3649
4260
5271
4458
6787
618
3738
1202
3162
3128
3856
2100
1338
1563
6507
5195
6250
5032
547
80
4149
793
1429
6385
4073
2731
3533
5995
2766
6568
3263
934
5273
1115
5989
529
643
1365
4038
6894
3249
6427
4665
4782
2255
717
3275
6724
6734
2865
4550
6698
97
5141
4201
3392
6236
214
993
3916
3074
347
3497
6201
3695
3559
5482
6540
4868
5150
4189
2181
352
4984
6012
5135
6524
3577
5241
4821
4089
2482
6705
6213
12
616
4095
1659
6886
3800
1292
6899
1609
4264
2629
540
1155
2422
6312
2350
2642
1340
2896
6356
1411
5521
1114
5228
843
2015
4030
59
6203
1745
2873
211
6500
4832
1964
2689
3379
4926
2348
2663
2289
3297
3255
6416
1819
3969
4951
5425
3309
1091
2415
425
2156
3440
6045
5938
3696
1860
85
5474
3716
5587
54
4235
2514
2439
5606
5843
2394
5026
5448
2001
3455
6816
4564
3078
6907
2140
5639
3195
72
178
4753
2424
5740
4426
530
4015
3598
6340
1061
3318
2120
3948
5694
753
2193
2083
5802
5698
4395
5121
3246
6747
3938
5604
1685
710
416
5434
2274
3935
5728
1682
6567
2137
6811
1345
271
3141
1098
3854
6513
2560
5807
3245
2282
5822
2539
1556
4657
4429
6704
5903
1452
6668
2782
4563
504
1947
6002
3709
815
794
2151
5181
1680
3898
2155
5201
2779
3613
5501
5716
6379
3419
2601
2701
4220
671
1099
4099
6289
672
515
3387
264
4387
1226
832
259
4521
1701
2246
2897
2229
6307
3860
3436
2723
4195
762
4204
3175
2089
2138
2820
437
5484
6338
2473
1796
4748
6911
4620
5427
831
2643
6871
6120
2711
5492
1768
4867
6788
6076
3103
476
2606
2427
3637
3799
6860
1088
4363
2895
2708
440
4069
962
5423
5022
4506
1371
3487
4724
6184
6569
2992
3984
4562
2374
4210
1482
2807
5212
798
1672
1498
3754
4743
3159
1339
6846
3551
4773
1274
1008
888
1678
36
1783
3151
5043
5042
3071
4275
5154
1994
3040
5695
4119
2810
2432
5553
5086
2932
4330
58
2064
2183
906
6646
4866
4962
2907
1203
1626
3452
3481
580
5997
6596
2798
1730
569
1737
300
4031
2650
1710
3915
370
506
4895
2174
2566
903
6400
6624
3089
4652
4505
4466
2569
3641
2498
1480
5790
2827
6376
4398
545
2640
3844
3966
3403
3416
2694
2324
4555
331
2612
4062
4692
4859
3222
5199
6115
1454
5104
926
5720
3961
3404
2521
2593
2028
3887
3462
718
10
5666
4798
1963
4862
889
1472
1537
5990
6360
5426
4719
1192
606
1182
6859
1912
372
412
2279
4291
3210
4088
3835
2563
3290
2597
1268
4274
1515
2836
1527
3177
4940
4534
154
5041
3519
526
5416
6477
858
4096
3524
6049
3662
3354
3043
4184
6806
2941
5242
2237
3841
4722
2463
2311
4081
6226
4592
1190
3816
4949
3682
3472
1030
2644
2068
6471
3214
1118
1043
2497
5352
2803
3012
5588
2033
5805
4023
1928
4710
2882
4870
1078
850
6048
2146
3321
3257
2532
6575
427
4295
709
3807
1011
842
5719
6208
6005
3072
3212
3864
378
