4680
2712
2987
1500
5195
3360
504
1810
6947
6755
3763
76
8132
230
2420
5189
414
4370
3789
3014
3633
7278
3396
4002
2849
6498
4108
7105
686
2326
7933
5876
7103
8117
7366
2567
1418
6657
2524
8224
6007
2051
1007
3625
5756
3816
2401
3217
2150
8071
6232
7081
3123
6954
4606
4020
6057
3802
3716
1873
6940
4758
6413
1636
7925
6073
6564
4995
3325
947
83
305
7124
7226
2813
2094
2618
2530
4381
5921
3899
4889
7880
4799
3160
5186
7442
379
4018
8091
5069
4771
1425
2889
4974
5847
533
4110
6096
1895
2603
4566
3540
1870
223
6658
2850
2550
3984
5627
6052
6618
6004
6231
1276
4652
1325
7427
7455
8490
2290
2135
3637
5352
2416
2546
2137
1201
6933
7478
2560
483
6624
8201
6706
6635
4123
1805
5498
3582
6740
3811
474
1477
1506
8010
4419
4237
3863
8278
2741
4870
8015
2476
8394
1443
6516
128
7664
3730
8525
2215
4602
8220
1409
6636
5785
2535
5803
3958
6382
4375
841
4813
2730
3264
5954
1164
176
6365
3930
2297
8222
3222
6431
2945
8338
2635
1655
3461
8396
2597
6848
421
7499
180
5126
2128
4616
4078
7667
3677
4541
7832
3218
3248
8355
4832
5797
7691
7439
5629
5840
1203
3918
5064
2387
5909
5367
2921
887
4605
8151
1456
913
7866
534
1918
3516
1759
6936
6809
3592
572
8499
3227
7733
4921
5943
2643
1055
8291
7482
5486
4193
3018
7698
5491
1421
5686
2332
1522
5497
2572
8433
1073
3527
4573
5420
5889
5964
1303
1523
5536
573
548
2331
7492
3027
8049
1541
7203
2900
7663
2750
4029
1503
7718
3771
3925
384
5880
7906
1833
2427
8087
8225
4422
5639
144
1304
2729
1033
7941
7339
3970
8369
468
6784
5913
1685
5653
6550
427
8109
2081
3499
4096
2286
6895
1437
5341
482
1505
8481
7871
4109
8316
7281
2720
2514
6713
5390
7723
437
1710
7868
7183
6028
745
372
5752
4587
4719
869
3921
5076
8287
4482
7491
5034
8100
7535
7890
1665
4773
6225
465
2588
3608
7138
4589
8281
784
2035
5499
7111
5932
6957
737
6610
7104
1591
7619
4074
2049
608
4897
3239
4160
3422
1980
8420
3620
4592
173
1491
7059
1302
7938
712
4887
7800
5140
2490
3877
1814
5769
8452
5386
5333
4081
4400
7247
6742
7937
848
7337
2747
6508
6605
5768
317
3087
2555
7558
6150
7818
5619
8017
4405
7305
4660
5480
2248
4708
1716
6997
1852
657
3273
5042
3252
501
2785
3034
6001
6058
2036
5755
3495
3805
23
38
7357
5920
2607
1755
6544
5197
351
5805
1150
6033
5121
4386
4313
8397
2444
4925
8467
4569
6080
6419
2334
8058
7760
1903
2106
4259
3167
1140
8515
3936
2200
956
8348
5724
4187
463
8038
3512
155
7881
5630
4170
4469
2134
4994
292
1991
2399
2973
8241
1606
7860
3133
2689
2662
3776
6986
6921
1650
4147
3208
4248
4600
2657
3785
2864
2465
2176
4964
2526
5753
7884
1324
7109
2650
4796
796
1083
5373
2934
1319
5249
611
109
7418
5163
8069
6995
953
6903
5984
7194
3607
6306
663
6218
772
5670
4914
216
146
5475
5915
3104
732
3025
7480
4005
1088
4965
6811
591
4691
1222
2692
5657
7228
5060
7502
8495
5809
4161
2573
8414
5473
1898
6782
2653
7380
193
2325
6316
2982
2272
5204
1076
3731
5170
1010
4106
6972
6679
1244
6345
3502
1659
2584
3870
7789
4696
8217
8471
4186
7429
6095
5770
2764
2532
7749
1962
532
3182
1084
4746
2756
6099
7209
551
4608
7471
4100
4280
4231
4952
6911
6621
1960
5000
1249
7330
6588
7108
151
3774
3198
348
6968
79
7448
4053
5099
7540
1605
7136
2773
2141
6346
5291
3003
1763
3403
5275
4849
618
2321
3280
2501
1329
1788
1141
6515
5669
646
4509
3058
4038
1791
370
6603
1721
2932
2698
2009
1063
7553
1758
4632
1406
438
7392
6427
4777
607
8093
7017
7771
728
4649
998
7130
308
6050
2432
1004
996
2651
7086
8502
7006
1885
8531
3408
3075
5503
3720
927
1398
760
7428
3306
456
3491
8435
6939
5654
615
3969
3177
7089
5008
333
6144
6376
8507
1924
3560
2084
1184
2641
7048
2770
644
3411
1091
7164
8461
8053
6730
2697
4933
6319
4417
94
5222
1940
7821
5559
4257
3125
1973
5422
479
1100
2171
509
1684
5134
1401
6499
7447
3992
5167
4214
2605
627
6717
1450
7224
3490
7690
8083
5937
6646
1087
1700
3150
2047
3997
803
6964
8145
7761
2947
850
6034
3643
5394
388
7083
4577
7842
1484
7409
2014
4181
4604
7184
7589
3526
1615
166
6660
5260
6941
5476
6089
139
6645
5902
2242
6506
6966
8438
97
2582
247
7638
4366
1603
7923
3249
7403
3531
2239
3619
5811
1722
1392
5929
7869
4042
3200
5761
4140
3390
5789
4091
8207
5674
2970
1832
1520
239
1081
6129
306
4603
2021
1818
1462
2161
1905
4054
4547
6909
8
3426
4980
8155
63
6459
4978
1119
8378
6434
4502
1355
6172
3488
8322
5863
3358
6840
7634
3199
3515
5266
5136
4895
2735
4949
2388
408
2621
2005
3679
2769
7210
3328
3216
3897
3402
3542
2090
5557
5379
2860
5585
8247
5529
6523
163
799
190
8195
2415
3786
8135
3073
787
7402
2522
3086
3267
3246
4731
5398
6031
1277
5332
5872
2447
7145
7611
5376
7521
2733
1901
7490
8265
7647
3171
4367
8256
6451
6252
3732
7574
5822
5125
3314
660
5282
2793
6950
4516
1185
3534
1360
354
7061
8094
1907
4654
4282
5959
5029
3598
6363
245
6922
6540
906
955
6872
6664
5696
7731
6153
3220
4891
614
3281
4006
7646
7592
7796
5205
6362
7699
3433
7607
2645
5518
3350
5587
8535
1001
6669
5449
545
4838
5625
994
3301
3385
7744
2421
6570
1003
7672
6594
4938
7711
6874
3736
4640
1764
7458
5549
5584
8211
7236
4512
7677
8351
4310
89
3438
7855
5824
6280
4343
1231
2418
7170
6579
582
6885
6330
4866
1200
1006
4826
5893
8255
4239
5120
2495
5404
7293
4931
1651
930
43
4873
3723
6275
345
4256
1717
5672
4724
2342
2487
8538
2391
4035
8292
462
5708
6455
7488
5930
331
5988
556
1096
8092
2408
999
6061
4452
4985
7949
7496
3576
6826
650
1458
6405
779
4774
82
8440
8230
3353
1784
6728
1738
6142
4789
8488
5706
7301
6665
2474
672
5572
2417
7140
5758
1388
1495
3485
4302
2792
1161
7759
5605
6788
2589
3635
1632
8134
3283
1528
6454
7005
6446
3544
2306
3330
269
6140
5656
7562
1224
7342
2891
2873
3191
8434
8333
720
2428
4410
4012
4474
6750
5545
1549
6604
4551
7877
1529
6380
6335
681
6343
6572
1157
3397
7509
4221
7555
5251
5527
2276
7684
6282
6396
3505
5078
7279
1502
4107
6015
7389
6760
6273
20
5818
7517
883
4305
2031
3594
6070
7010
8192
3097
654
7594
5781
6861
5800
7826
8157
2328
7242
6962
5470
3305
3894
3472
4624
5634
2311
241
4533
8300
7424
1129
7110
5968
6548
2341
3905
6672
2619
540
1704
1748
6557
5228
4363
4779
7854
1204
6372
1976
7196
8018
3119
6212
4852
6222
6878
495
2293
5217
6254
8133
5637
6698
7373
1773
4839
1681
3934
6000
6955
1066
4156
550
3096
2458
602
1801
4857
3410
6155
8034
704
3375
6351
3162
6736
3964
4292
817
6213
3223
1216
5828
473
6534
4077
5980
5141
5540
4818
581
5039
3950
5073
6592
3597
2230
5903
392
5918
2742
4820
2302
2804
4590
7204
5905
7115
2236
1975
1451
1996
7650
7736
4490
298
2559
2210
7960
4435
2050
2713
6206
8120
7234
3319
4549
4629
5688
4576
3341
4598
2113
6464
2950
3618
5366
971
6392
5065
5677
6417
3184
3662
2144
359
2558
4492
1211
165
5350
2846
6149
4709
4963
2848
6590
8517
6870
3443
3615
1911
3536
2632
7404
7697
1045
7912
2630
6731
6391
2598
3079
1892
3914
1234
6647
1619
5813
1560
6757
5319
3915
3860
242
1585
4130
6627
667
6127
1557
3262
6317
972
3228
518
8127
1670
5400
2579
538
6733
2481
4918
6006
5782
2936
4984
6491
5563
6920
910
1499
7186
7489
7468
3757
237
3038
4299
391
7556
923
1346
692
7309
4776
2608
5715
2488
1016
7779
7709
5457
3192
3126
6424
6467
7421
3321
7079
6926
6915
2862
5804
8408
7545
5460
2482
3355
705
8477
2433
3050
4113
2329
6094
7621
6088
2795
7902
5309
1243
7019
1579
2673
2313
4550
764
4899
1900
2344
6456
2434
2443
8494
2957
4786
5922
3528
5156
5794
1785
1138
422
5127
4154
5017
8075
6701
8035
7679
7893
6481
975
2450
4068
7434
7704
1994
4568
2654
1470
937
3054
4954
4122
2381
1463
4791
8025
2878
8528
6211
4644
4775
520
8041
3026
6344
6192
5427
1475
3394
5874
3392
5703
3428
4545
7056
6542
3357
4354
7398
1415
10
7256
3366
2666
433
5219
1307
3071
1146
1567
2508
5224
7524
5729
5411
7222
4666
1166
7729
7107
2265
3338
658
5175
336
2847
5718
8340
5553
645
7674
4747
2333
7055
2779
8159
2538
6963
7805
908
4752
3636
2343
5279
2537
4087
7812
3709
3744
3041
7231
2816
6487
6120
1884
6651
6452
6189
7068
5831
7015
3076
539
3352
1736
129
3369
2235
4073
1584
4501
1078
2648
8326
6914
3655
3663
1031
4034
2206
2460
7620
691
4673
7996
7957
4098
2658
1252
7819
5500
5313
8432
3145
3705
5877
1539
3743
2468
4304
7035
2112
1363
4564
8315
8406
2374
2380
3425
2145
3235
7616
5085
1195
6565
536
4807
1660
3822
2854
8526
5523
7533
579
4638
1727
631
7665
2003
7377
880
4739
5501
6569
2252
6186
2044
5020
3122
891
1294
6359
5739
2032
464
6935
4387
961
4197
3159
5235
7817
1263
1117
6312
3627
6494
6828
3634
5254
1383
4448
2802
811
5859
8293
5223
7250
2989
776
4316
3638
8088
3462
5179
2371
4384
6673
5454
6953
6105
882
1542
1812
1385
7932
5188
6959
6258
6430
4251
1423
2165
6543
3465
1734
3256
1183
4135
6993
2929
7176
5924
6948
5544
5043
1626
6517
7721
6633
8381
2731
3268
6860
928
4682
5882
2786
932
1840
4947
5595
6700
6488
7772
822
2257
6469
5592
4180
1598
1817
1634
5993
4218
505
1828
4441
7371
1220
5430
5762
1594
4782
7642
6462
836
1269
2243
1624
5248
4784
1897
3467
5304
7824
4308
4882
3303
1829
5253
7091
1291
4037
832
6086
6555
4558
4143
1816
950
4510
2899
2772
8269
3832
5391
7259
6264
4432
88
4725
1376
1893
6378
2301
7727
8521
6817
6524
1518
5935
6141
7174
935
7034
1038
3346
560
1101
5001
6821
5245
6761
7792
3349
8530
5434
6251
2126
3640
6063
1698
5744
3185
4376
6815
6785
1861
554
1046
7769
4844
4215
6661
5164
4735
5131
4594
3888
3015
4041
240
6437
7579
4377
7346
6342
2915
340
5801
4271
6519
1248
7970
5856
1858
5626
7049
2820
5485
5387
3420
1998
528
6553
6301
4579
1202
7308
6556
7098
2952
1393
4922
8172
71
3269
3801
2317
1959
826
5057
1867
7332
8323
5010
8097
739
1330
1798
2180
2790
6617
3473
2727
7080
949
4513
7037
8264
3569
5174
2665
1126
3172
7153
3890
3418
5409
3827
244
6403
8226
7066
2076
3110
5040
1174
7548
643
3995
8411
8497
7914
8390
8104
4817
5267
4171
7559
4403
2300
7639
2622
5496
1830
5819
1155
1024
8168
8522
1023
6626
273
1879
8286
1082
6449
1838
606
4234
4241
8099
4763
8504
2088
5074
3244
535
4356
3979
2107
7546
3478
136
6934
5624
2389
2279
4496
1769
3138
2606
1332
5363
224
3963
1702
5146
4401
7420
3803
6637
8072
700
4800
4255
2174
1914
6178
1715
6690
4465
8169
6628
3163
337
884
4235
7924
198
2269
3395
1474
6814
1498
1866
800
1679
6242
2075
4764
4164
7945
7755
7188
7372
4711
7452
7376
3953
4628
974
5628
7848
2709
1367
3195
7528
2519
7009
4383
5138
7874
1272
4565
868
3293
4860
5702
900
8180
3114
62
6867
8048
8331
4563
2642
3295
3008
7011
4407
5843
5050
4447
7084
1240
2716
5957
8437
7065
5111
1796
2861
2127
7162
6134
8057
4420
104
5172
1661
7327
4637
1589
3129
5466
2426
3579
5556
1750
2644
1289
3738
1333
7141
3632
5231
809
761
7978
6272
4811
597
7253
3666
3756
5871
3675
7385
844
3189
7921
4648
1187
7387
472
1987
2449
2403
3181
2034
5147
1134
1772
2918
1387
3006
5013
4855
153
6584
7282
1862
7547
6067
2274
3906
466
5436
8185
4168
7283
5106
7586
7298
4535
1153
6598
5028
5072
1389
7784
498
7464
7982
7668
7367
3752
7252
3393
3432
4043
3754
4064
4396
6951
6327
5689
7911
3549
174
7440
755
2552
563
6334
2999
6663
1424
188
222
7786
5666
3276
5037
2366
7160
418
7411
6035
3523
5526
1767
7720
7472
5820
5490
2479
5834
7859
3575
7344
3241
6448
514
1404
3775
8410
3590
1834
7683
6402
769
3082
8115
7568
4289
5207
7887
4449
5513
5182
6030
3427
7806
8008
3779
8523
271
7511
2396
7378
2340
1013
1521
4159
4399
5196
6137
3424
1714
7743
2027
2722
2586
797
2041
3120
5116
261
7274
7419
387
736
2473
3183
1545
5564
5535
287
4072
5272
2690
294
1776
8076
7578
8534
3879
4913
1097
2207
8082
6662
1487
7552
791
7467
2058
7916
4049
5415
6734
7671
682
851
2151
5906
5711
7977
2927
512
7898
7778
450
6283
4958
4557
4295
1850
6561
2797
181
3746
3356
7319
429
4713
5033
4943
4672
17
3668
701
2186
7896
2437
4272
5814
1532
8357
5113
2393
5035
5160
8363
5981
6332
6659
4721
5322
4117
8188
1322
1086
5389
2229
4988
6415
4406
2946
934
1009
6056
6956
8472
99
5976
282
6260
7288
5662
18
919
5202
7423
8130
5143
8194
4030
8482
2303
3571
5539
4301
622
373
5936
7644
6309
4930
695
3081
2308
2455
4026
6629
2431
1420
7541
5303
7606
7207
6776
7886
6551
7919
4346
7708
4174
2828
2087
3463
4206
3913
6711
4060
1115
5765
5132
3254
6581
5983
3682
1300
8060
7605
403
6975
1765
1000
1354
8485
7976
4125
1554
4970
7075
4578
2913
4475
3439
7087
7790
2959
6799
893
7198
5051
5414
7232
537
1497
2121
2066
7191
6855
475
3546
819
2902
8473
7686
687
4593
6496
2163
1612
6925
5437
4609
647
3885
3929
3962
8527
638
1514
500
5153
1056
7289
7918
5603
5097
6898
7808
323
2453
576
8354
3843
1693
7929
1709
6200
6148
7936
93
4182
7563
555
2511
253
8112
6154
2521
3935
2211
5855
3209
7150
839
1268
6737
1720
5357
248
4279
632
3146
2870
8125
1540
3258
4466
3354
5890
3852
7016
4689
1726
629
4352
7944
212
3938
1142
1525
4290
2199
6072
2624
5287
7143
7474
6266
3009
6465
3517
1533
7101
8181
4347
1600
3511
864
3298
4912
3121
1628
6017
8339
4265
262
6977
4426
2821
8061
2361
7018
7248
6510
329
5613
3893
771
6531
4661
5283
7688
7597
225
6202
1790
5934
8213
7433
3990
8042
683
6471
5201
3297
6790
3989
5810
5647
2840
8329
1596
4158
3169
7648
6530
5558
6800
2685
5821
8288
412
3819
8030
8328
4906
3933
7971
5829
1647
1253
7834
3501
3533
5271
4070
4571
7299
1637
1250
3609
3864
3318
1536
318
7493
3483
8119
2043
6208
7216
511
4028
2839
578
673
6305
7202
7240
4879
8317
390
7317
821
4749
476
2117
8138
699
6976
4246
2480
28
3504
6824
7100
1865
6559
3903
4476
189
7374
2884
6609
1688
7920
2706
7766
5137
3345
3033
8290
7669
7715
6850
7980
7651
5442
781
5256
8359
7747
8101
8449
4853
7969
2968
8498
7676
4727
5015
4138
148
3857
6688
2931
7246
5783
3035
3108
2351
7735
352
5792
1723
6615
5423
4695
5263
7714
3646
2181
6074
7696
3205
4267
1597
4969
2628
364
1295
4136
5969
4622
3537
3703
3596
6606
6476
5493
4744
2478
1233
3659
1136
4075
2012
8029
162
2767
4667
8314
942
6832
6289
6965
7809
5986
1059
3600
368
4715
2280
2253
2384
118
8267
4079
5269
3868
1261
6634
6831
5024
6994
8400
3552
1225
5839
3602
7857
426
7498
8428
7600
5329
4975
7758
8251
3900
3045
3795
1877
7316
872
4479
1288
670
6640
355
7629
3430
2842
8343
3966
2581
311
4007
3553
694
2179
6704
7469
5884
3117
8389
870
2222
7963
8252
1992
3649
1212
4517
6179
7797
3251
5507
5440
1823
1454
6123
1706
3347
2052
6253
3783
5508
1402
2872
729
6923
6670
4380
7527
1515
7270
5212
5038
6525
3658
3047
2748
6139
4999
6126
814
5547
952
6447
2356
7508
5577
4829
2439
266
3278
4794
6707
5198
1348
3563
3787
395
6532
6135
3581
4920
3175
973
4520
940
7851
2920
6350
7218
2782
6616
3954
1574
3458
4142
3747
5071
4220
4067
4743
698
3331
4353
702
1595
7794
87
3417
3978
865
1179
4761
6207
3834
8304
4559
604
4423
1614
452
5514
856
8457
6614
1652
5432
5089
2246
5206
7928
3291
3770
5377
53
353
6716
1820
5326
275
7338
1122
1946
6656
1071
3148
4630
713
3323
7940
5857
1746
6810
4890
7609
1978
8446
6325
5181
2463
1143
5378
5778
4467
3967
2566
7012
3591
5148
3144
815
2442
5554
7850
2609
7028
7870
7500
7004
6917
5944
531
3887
5886
5633
5295
3412
2887
6043
1692
8393
4983
2986
7032
3090
7144
2791
69
6974
6630
6762
8492
3333
2743
2943
6039
7415
5720
3562
3444
1913
7522
7990
321
3131
3224
2409
5568
723
3497
1468
6152
2315
6274
689
896
543
6347
5294
343
4101
6638
3452
5041
7572
2402
6227
8253
459
3742
3102
4836
2412
1436
2746
1782
3361
6048
6545
7852
7244
6290
8107
1886
861
1894
5032
6360
2493
5586
5115
502
4473
6132
5973
8417
3835
3629
7266
4195
6310
5745
2499
3155
7599
7466
4869
6433
1228
1601
6450
5154
7565
5733
4216
8295
1340
1559
7695
2866
3174
1511
2395
4850
201
4601
3012
8005
5448
77
4519
5265
5210
2661
1999
4055
7093
5187
2397
6837
1770
2826
4798
6016
6739
6535
4658
3821
3577
4567
2901
52
3229
4188
3713
4932
6130
6463
319
4459
6121
8232
2196
2738
7041
3386
7412
1787
5861
6907
6303
7211
3093
1218
6180
4584
8302
8166
7435
8352
8282
835
6992
4144
2424
4336
7905
4750
4334
653
7333
6552
6159
7396
7159
4016
2133
7783
5667
3487
55
3401
4940
3098
7675
304
746
2323
3337
4552
4611
8081
1611
1981
2819
6805
2065
5896
4524
2794
8067
1657
7280
3733
8187
5014
6165
2623
252
6255
5397
3809
6146
2613
2702
7503
8102
320
2855
4470
361
1581
6958
6284
4045
6902
4956
915
2469
4486
2990
5441
798
7269
416
4485
7763
6527
3057
3759
1053
5655
1568
1089
3854
4491
5894
5873
5308
1868
6541
6097
1920
4342
6501
1508
5450
4981
1792
279
477
3734
7290
8140
6857
6107
8342
1708
6364
8212
1640
3599
6849
8493
4058
3624
1761
3434
6580
639
6354
2131
2304
1043
7777
595
6887
3414
5679
3923
4306
1131
3804
5413
5316
6908
7746
4531
4224
3904
2260
7813
5031
1014
1262
8012
2717
1209
5802
7823
4008
3405
3460
3580
4736
4562
3972
3221
6715
3729
6366
3760
6574
2896
5838
6228
4612
1391
1480
3309
4792
117
6825
2208
4693
4204
901
3384
8228
8236
3156
5239
7530
1239
4014
1380
7682
5751
2477
693
1620
26
8110
5183
1217
4756
44
5958
2202
2817
8113
3561
6578
7118
2024
7360
4659
726
2491
2008
6722
4996
599
1478
1386
8108
3644
7325
7437
6386
4595
3833
6055
4209
5215
2744
1936
8179
5697
967
7405
3920
4575
2153
383
1821
2528
610
5505
2345
2376
2593
1789
6169
2667
7368
3749
2734
8203
8505
7475
7219
6406
1891
6420
1229
5837
145
7239
5447
2701
6852
4634
1972
1562
6131
3275
1050
3095
2833
1255
6479
3040
7550
3719
4851
1449
5590
6210
6793
2841
4150
2475
5330
862
3687
633
6394
7481
5162
5888
4442
2029
1881
4082
7595
8513
6412
6756
410
2908
1961
60
6216
5972
4355
2140
172
3892
4631
2910
541
3474
4934
7268
5687
1342
8216
4024
4402
4431
5218
1156
7171
7001
898
221
5946
7073
2649
4858
5462
5421
121
8458
1352
1035
1327
5026
4132
3684
3849
671
2944
5582
5948
988
4178
1997
5495
4523
6866
3107
64
6318
5750
3475
6194
3130
6361
1230
8136
5614
7069
6336
4580
1740
1192
684
3678
565
2961
5521
2906
2805
8483
763
5885
4260
5960
7363
3486
521
2930
7927
2324
7641
1051
3290
4707
7381
5620
1848
6032
1493
5478
6294
4504
8370
2686
6538
4023
6292
7369
806
8208
3383
8206
5928
5947
1752
1072
7146
4389
2256
5368
5730
6428
2941
149
6858
2590
2157
8227
989
1552
251
6489
7273
4991
6425
6295
1015
612
2240
2925
7506
7399
7926
3359
4165
6490
4293
6443
4729
1339
8529
4540
6509
7955
21
3685
3092
7610
5757
8466
6025
1849
2798
3134
5281
1819
6830
2309
7908
5912
1358
4613
5298
7400
2190
1198
6145
5062
7039
2907
122
7375
717
589
2765
3442
2330
4337
2007
1956
854
8347
2016
2382
5439
6623
4581
1283
662
5280
2893
7485
3030
7652
1800
3991
4421
4651
7090
1753
5361
2909
794
6229
6625
4226
3651
1822
4625
3137
4099
1760
7335
6567
3116
3724
6324
1144
768
5875
3282
339
6115
1725
376
8454
4909
7430
7214
4253
7370
2001
2604
6081
722
6919
5489
6384
5519
4009
1048
4726
8024
5135
5318
5063
600
1548
1691
5716
4332
7543
6005
6012
1414
1448
4610
7023
5130
8045
1226
1347
1422
6042
4394
6190
2288
5746
8248
3908
7587
260
5760
3317
6577
569
8419
7304
6217
4288
4957
6529
4986
642
327
7764
775
3514
454
7217
3363
3872
1984
7751
6195
6110
3932
1553
6241
892
8176
5416
2517
2984
5623
6998
4759
2680
1206
2874
6196
7999
4345
5725
451
413
7894
5237
2583
4823
7456
3063
7782
4671
8197
874
6773
1572
985
7518
7306
4329
3551
5812
4291
7212
3069
3233
447
5685
7514
6843
1064
886
4588
6575
7135
1274
3814
5453
3149
6912
1292
4092
7939
123
2551
4863
6198
4783
5114
4694
6116
2668
4374
2067
3234
8064
5926
272
289
3190
8533
7272
4962
3142
6339
7726
2507
5675
3604
7793
7457
1780
656
3494
485
3728
8016
3838
4437
3187
3143
7295
7383
6946
2438
8148
1547
4217
571
5246
3538
969
277
7133
2911
3344
641
4433
7519
6197
7991
2
5561
4498
2949
4684
3416
3521
177
5962
1951
1874
5371
1400
113
4960
1113
559
7899
5823
7361
3053
1921
5118
6233
3780
2601
6539
7142
3310
3924
6795
1040
2160
7864
1265
3784
2278
6204
3188
3740
8143
1902
1311
72
5445
2147
8508
3871
5083
138
3686
6483
4704
3665
7024
4011
5607
5975
6512
8289
8096
5648
859
208
1210
5047
6702
1724
5992
1733
5841
6764
7238
6065
2857
2166
4945
1464
1931
3565
6297
4162
626
1461
8196
2285
7085
7791
5546
3896
4088
297
5883
7935
6270
680
3695
1925
2760
7070
1910
7741
5252
2261
7862
6022
8139
1075
1245
2238
8398
2825
1271
1410
2504
2038
2594
3127
6597
2888
7802
3926
1427
5966
6053
4926
5438
3697
4489
75
7223
1658
170
7588
7131
6982
7767
6046
2627
409
6387
1965
5092
2916
7742
1030
6248
3168
1047
6666
1578
169
3193
5950
2714
1593
586
820
6699
5149
6680
982
5579
3266
3214
3690
2101
3456
8068
2953
666
1677
1320
4039
575
3196
8334
5036
7463
4097
7739
443
4505
3368
6164
5598
4508
2422
3902
585
5481
3002
7417
8149
3080
2099
1843
5110
5740
2182
2392
894
651
3831
6504
1754
6147
7537
6271
5985
6942
124
6011
449
8367
4591
5203
4653
2026
4211
4972
945
1107
1334
1028
8324
3828
7036
2981
1378
6091
357
2728
8122
4056
4048
1666
7561
777
5335
296
4126
3492
6759
499
3820
7119
2752
488
2214
47
2940
5088
6566
830
5775
1565
1686
126
1880
6348
5604
6576
4841
3692
6503
6098
8271
8027
2571
8240
5046
780
1350
7946
8442
1847
2867
7613
7979
7349
6259
7008
108
718
5054
1856
133
4481
1093
5337
3477
5712
4094
6293
5103
5080
4247
7479
6724
7063
1042
5129
3327
3901
2025
4488
1609
8062
5424
4554
792
4287
1381
3011
1074
5952
2078
1242
5107
4877
2103
2998
7901
5898
4698
2703
5194
4656
430
1718
6037
4076
2247
4982
6423
3993
7043
609
993
303
6358
6650
5359
8259
4833
389
1569
2980
1032
3440
6985
968
7635
5576
1459
3942
3702
6119
7705
6533
8089
6176
3696
2074
7126
2231
1266
3815
1699
2158
2122
3750
3584
3048
3066
1168
1590
5570
7807
6340
8423
8424
7828
3851
2739
5767
574
1476
2529
1929
4825
5990
4083
6373
4222
3061
4903
6899
6083
3332
4977
8430
552
3219
6277
4199
8263
3329
735
3370
8283
3135
3335
1993
2766
4846
5027
5649
8004
529
6059
6221
7151
5848
3482
6113
5982
5652
752
8164
6842
4992
4148
5302
4438
4875
3976
3284
6436
5796
4210
7038
7658
4686
5907
5684
6859
3072
7917
1338
2273
6407
2098
8193
7734
3506
8190
2903
3717
3240
8484
3793
6864
6674
8262
4961
137
2838
3507
5764
2612
7362
6983
7117
5599
1407
4904
5429
85
5180
765
1836
5345
328
1278
5632
2379
1586
4902
4300
1673
4522
5991
5161
7033
8336
4663
6257
5538
8189
4527
3056
6602
3846
13
8039
1444
7294
5157
1544
3316
4635
2045
1952
4843
6071
530
3706
159
4762
2015
2992
5241
7804
7685
2557
8233
3308
4046
8345
3307
3441
5
5808
7983
664
102
1384
2234
8297
6960
5358
5593
6652
1133
7897
276
3518
7604
11
8161
7120
2985
1932
5780
2843
161
7554
5853
7622
1473
6894
3626
7187
6844
5731
7121
5105
293
1207
8418
5705
2788
492
584
8402
8202
4888
5791
5799
8313
8374
2155
5844
1123
3037
4331
2955
7313
758
1286
828
4484
958
5942
2354
1616
1351
7386
8344
6639
5006
1275
3207
744
7654
32
1172
5142
4139
2037
6375
8178
1933
3699
4812
7276
7895
6563
4151
8496
3371
7816
5399
6377
1285
3423
6411
2375
6732
2132
2518
3898
2054
7486
5277
3955
6884
8399
4900
4886
4047
135
2255
3617
5836
2749
8258
8421
2844
393
6026
6632
5646
753
7454
2483
3952
101
7968
6473
4409
3388
688
1054
1099
1899
7876
1137
5221
3500
4424
3856
1857
5463
4993
6689
7618
1643
929
6010
7989
2370
4338
6027
397
6996
4621
5606
1049
7237
876
419
707
3348
1625
8254
3210
6188
3088
5289
3865
1917
6586
8234
3873
3610
749
5860
5355
6118
3587
8103
6468
460
2837
4297
4131
5914
1482
1411
3532
2525
4372
7750
6747
4478
1442
5989
2353
183
5405
4787
3322
1672
6441
7655
105
4955
4455
2823
2053
1317
7583
7200
1175
8377
4223
7158
8310
4364
2189
3578
1235
2152
0
1315
7007
5258
4919
5270
4312
1703
2963
1020
7889
4856
6460
795
3115
7406
4413
5887
15
2719
4669
2254
5530
5998
5735
1199
948
6117
6643
2237
527
2149
4269
6296
1953
3387
3459
4495
3977
4942
4404
4699
6787
8542
5005
878
4737
5268
8063
5004
2414
1241
4831
4690
4928
8214
6104
4668
369
1631
5119
206
2827
8532
3211
5612
5664
2721
4436
2865
6054
3496
484
235
3647
2111
2845
2249
6337
5374
8455
374
5171
5323
3304
1111
3672
6987
8514
6677
7302
8080
2441
8126
4688
3766
6370
7347
5467
6748
1112
4196
6980
1561
6808
7190
5296
6783
4966
2523
1824
3949
7962
7076
6019
6385
3476
2763
4529
4929
7724
1486
3645
7873
2617
3895
1618
5704
6482
1079
6432
8451
6106
3077
3881
3466
5899
3404
3623
3509
2169
3242
3274
8284
679
4184
7567
2694
8404
7292
5451
1039
7827
3520
6595
7505
6719
8346
6445
110
1180
5392
6400
2448
5851
5732
7515
4022
1696
5621
6648
2061
7393
4446
1730
5178
2677
7014
6249
4121
4416
3588
6064
6836
1939
2296
5727
7909
4095
4019
3847
4703
6583
2710
5428
4681
1377
4755
5636
4530
863
2085
1445
2124
8275
3836
5238
325
3721
5566
424
7542
8318
1538
7551
6321
5795
5336
3772
5045
407
1214
3583
4908
1602
3567
1527
3398
8191
6744
175
5311
2445
918
5617
2652
3046
2283
812
2110
5994
4976
7074
5095
6300
2405
4728
6522
3399
6355
4753
7260
5678
866
1121
907
2400
3215
7137
3154
7395
4063
56
2751
6846
442
7875
3178
6879
5673
2754
7453
7334
236
5354
6069
1065
5864
877
5240
2425
6173
8011
5710
5573
4062
1058
3837
4953
4461
3975
1944
302
1182
6075
7861
3111
2880
3711
5193
8171
493
8090
8173
2086
411
5334
7291
7753
3941
6758
7477
192
5569
3664
4103
5150
4252
1469
7953
4453
2264
1027
6835
6265
4816
6367
3850
5858
1649
4805
6333
8280
6287
7892
1435
112
7637
4378
1607
7408
4894
5369
7215
2811
1085
1128
8450
6847
8403
6668
7596
3302
1368
4296
1434
1871
4641
7390
1664
1775
1896
6862
5214
8074
171
4004
3660
7057
7837
5484
731
7666
8365
5155
4191
4499
3508
6125
3013
724
3671
1159
4868
2852
4793
5719
7197
6243
2064
2299
5339
2787
5123
307
1395
1109
4967
6696
6410
8476
6018
1264
2898
4286
2398
6066
661
2232
4874
5011
154
4848
2563
7631
2197
6262
2978
5748
4821
3755
995
2205
3091
5506
4935
4770
6171
2472
8391
7913
4262
1546
1335
2002
7951
6856
7352
7903
715
4662
6278
4915
444
3083
268
8238
4959
750
457
4326
2545
3237
3862
603
7410
2070
4179
7443
4618
6185
127
4483
7632
2040
1090
8047
6910
5433
4102
2377
4244
5852
4454
150
1267
7343
8444
2175
1642
7702
2503
1526
8114
7700
2295
4127
6049
366
2863
5668
4385
5933
453
2138
5349
1135
4398
1098
267
4676
5525
5216
290
3973
2063
4685
5622
7625
3340
3701
5562
4202
5600
6315
5012
857
5616
1923
8144
1690
350
6892
8244
6869
1890
3277
3554
1290
8105
842
4229
675
4574
5362
858
5384
6562
721
5574
5528
1988
5555
199
5581
3152
2580
4128
2022
2539
4298
5728
5524
6765
3939
7853
5139
3017
2373
621
3373
1531
470
2203
1934
7943
6013
634
7713
648
147
3311
1483
7716
6183
3287
8026
601
7397
4444
2284
6082
8142
3455
1396
7934
3032
624
8163
2451
6924
2355
1412
207
7106
6323
557
3250
46
6780
5340
6816
142
3231
6475
1558
5722
706
3869
2505
7431
5102
3070
401
7829
6484
3810
2536
1092
3158
8299
5987
5173
92
6314
6537
4528
3790
2587
5588
519
6485
7407
324
1751
2429
7988
5177
4322
6777
4303
6823
6943
4163
1433
7257
3769
5242
8371
7959
6167
4827
6214
7833
4169
8445
1490
196
1964
8147
3652
1811
1405
6600
6044
200
3572
2068
8366
1831
7487
309
5700
2831
6876
7438
2350
6897
1162
2634
8266
8358
8470
335
6023
2691
3431
6896
3445
119
288
2914
3202
4627
827
5951
1654
8079
5482
4701
8501
4415
1034
4677
5412
6839
938
5346
281
7737
5938
257
2228
7388
8131
3161
3451
1577
2633
3
1246
6128
8536
8512
1731
4270
2185
5583
6495
1313
6991
5264
6526
6087
2732
2461
1067
116
6820
7598
8098
7233
568
3595
7102
1237
8182
754
6261
5910
2836
7470
5250
8429
5247
1345
6596
3204
3916
7966
2413
8524
6587
5571
4907
4266
2148
8146
3112
1927
6353
4365
6906
420
1671
8537
1496
2486
6771
7636
2130
7165
1019
5580
4359
3639
2162
3943
6641
6806
2471
8073
295
95
4395
3049
7882
676
7062
2829
2796
3545
5382
8013
1968
6932
2974
4748
2995
1743
4655
58
431
1803
8376
2881
5665
2470
3089
2894
1403
3650
1257
4803
4017
6749
6256
4971
7544
7628
4412
1613
7922
7693
7526
4207
902
941
8462
1375
1641
2960
834
4615
954
1116
233
8516
1447
7425
7773
4464
5504
7241
1254
6276
991
7058
7460
3777
6442
1949
3960
6020
8162
344
5082
6151
3922
5904
3781
8463
3113
5255
637
1125
8341
1124
232
4683
7323
7067
6480
4001
785
6547
3279
4720
5510
214
7445
6234
5726
7180
5408
4885
3547
762
35
5736
6461
7617
2259
4120
4670
2187
4664
4871
8055
4614
3661
7205
5325
219
6492
6792
7195
5651
1695
1062
2871
6655
2446
1017
280
3824
481
4238
8303
1408
8395
8459
3285
2183
522
977
8200
8407
7831
1227
7173
4765
8050
6156
70
5165
2244
7042
6938
7312
7264
1713
7227
516
3751
25
4847
5509
5312
7350
6311
668
3891
3522
332
7673
3197
4494
5048
6003
730
270
1374
6873
2419
8152
8511
3225
8385
4768
2814
5531
6505
931
7473
3062
5832
1633
4700
2574
7948
788
3859
6886
3937
5084
8037
3153
7931
685
3631
7208
7738
3261
4327
6789
4797
4998
440
5124
3101
3253
3543
1783
7531
8249
3807
1002
5766
8332
4152
2615
362
6900
2089
7326
2948
5220
590
2670
6513
6077
226
6890
5351
3606
4137
4896
3874
3289
1599
8199
3043
3669
6913
8084
3470
2541
6973
8235
503
6416
747
5916
513
7571
2069
3415
8231
4951
5159
7300
98
1287
2812
7497
3084
1906
1556
4242
1853
3493
1104
6226
3446
4738
6705
182
6224
3342
4112
2569
7585
7245
1676
2885
978
6944
7722
5456
1744
544
5709
7181
4358
6813
1534
6237
7002
7379
7811
7465
8019
4607
3681
7973
549
5353
7116
6970
5208
2011
1851
818
8447
6743
2383
8465
5532
4560
1950
6721
1399
997
4734
4780
1762
636
5292
6051
1945
4085
4716
5200
3157
3236
2201
5955
5465
3016
4742
6191
496
770
314
6203
5693
2262
3510
2554
2502
3165
5939
3866
5158
5077
6219
2114
5192
2125
4414
4842
7580
2146
6723
5257
8021
2636
385
7365
2556
4084
27
5108
914
8239
1742
7265
103
546
5749
1837
6060
5798
2013
8474
2674
3603
3004
3530
6928
2055
677
1460
709
7483
1430
358
1749
6239
7322
1372
2250
3999
4393
8388
4119
1530
580
5327
7462
1256
4946
7099
1563
2822
3927
286
3085
8510
4185
1314
6103
1465
458
1301
6988
338
6608
6712
1397
7692
4781
5274
4582
2882
3882
4862
5691
7845
6801
6308
5417
789
5892
1564
4232
1173
4368
5786
7712
8219
3272
3247
30
7156
4544
8272
517
191
6949
4927
461
5825
592
3194
8014
8456
4795
1872
6675
7993
5970
4443
2270
4133
1604
7199
7799
1321
6607
3683
1296
6582
2139
8325
6401
2718
4722
187
5225
5286
8468
4830
107
2108
2711
4586
3710
4086
4674
259
5721
425
4388
5867
59
5301
1105
1859
6085
7013
2553
6667
4754
5227
6937
8306
2048
1308
2687
2926
7128
2753
4285
5236
6230
2367
5806
620
4990
593
3031
2939
8023
4785
3336
1219
7752
523
2369
4626
5923
8229
1576
6338
2289
6409
4462
1860
751
2534
4059
231
8503
6918
3022
4901
7995
2895
4514
7277
5611
3574
981
4032
3630
5070
3725
1193
132
6514
8426
6829
4687
6766
8273
2783
405
2565
1297
2516
3454
3065
1223
2223
3039
5925
228
3878
5869
6558
2298
2543
7026
5682
455
2466
4745
6518
322
1152
3513
8368
3886
2883
1513
3023
5737
1349
526
8489
957
6796
4200
6076
899
7229
1077
243
5285
6304
4639
6502
3564
1687
2647
3988
8020
5338
5152
8309
5468
7382
4341
2178
1139
2715
195
793
7161
7942
7321
1778
258
285
6804
8209
7230
469
7414
1882
4325
1797
2097
7569
1189
2966
4804
7261
6681
1815
2484
1130
2363
4834
829
7776
4194
507
786
1341
1196
8170
805
4344
7185
125
6927
1037
2195
2116
6969
1550
7436
1259
2338
7785
2564
6718
3616
2513
1106
8059
301
8541
7254
6891
4061
12
966
7872
7095
738
8085
3568
106
1312
8116
506
4880
4225
4636
1323
5845
4330
3800
6014
5261
291
4281
1154
2245
8375
7450
7044
5022
6905
7082
2610
2023
696
3436
5458
6322
2660
2258
8177
2492
7529
2167
1623
1512
4275
7297
727
3880
1943
4854
2004
1635
7830
8453
7725
3448
7681
2307
8443
7961
8150
2173
5230
5650
3315
1178
6854
6238
1431
2705
2115
7157
435
7950
564
562
6175
7444
6236
7394
5671
8158
48
5663
7843
2233
1804
140
6138
1711
719
741
5388
4824
7201
3704
2806
944
3051
5244
4157
8257
2834
577
2271
4730
4534
7835
9
6133
5516
5618
2688
3257
6725
5644
5487
4033
3621
8006
7573
2777
4263
5101
2533
6981
3907
7762
8422
3875
6687
2191
3480
2263
6889
4357
4230
6735
4944
7947
3498
1205
6389
3712
6209
1022
6798
4198
2681
7045
2684
2577
4236
1519
2348
8078
448
7051
315
6281
250
1729
1394
2967
3132
508
3642
8156
959
1869
8001
4507
1845
1839
2320
6397
4335
3548
4294
6741
2509
4472
3140
5461
213
5066
2217
8268
8137
853
4000
6279
4556
1021
2452
7538
4319
2776
2879
6929
7501
1356
1426
7096
1466
471
6383
5068
2123
1701
4348
6802
669
6108
7127
1627
6781
1419
1592
588
7513
3296
4741
2056
843
2875
7838
7507
6466
2922
2216
5676
2312
5534
5375
3021
1167
7031
5551
2498
6474
7003
1926
1365
4757
1712
284
2497
5865
33
1970
3741
2494
7728
628
3762
2291
1509
7623
4493
4767
6818
1258
1481
3985
5426
7172
849
5019
8032
4089
7689
3965
6692
86
5699
4878
1446
4249
2723
5597
3320
3818
8330
6691
1551
158
2091
8077
1440
3453
6440
8210
4633
3931
2803
3842
6774
773
3944
5233
7603
7748
3739
8040
1186
6398
1922
7351
4837
1904
1114
6381
5779
5911
2951
3753
4561
40
6184
3024
3118
5949
7719
823
7053
1912
1983
265
2062
2105
7129
3848
4141
5446
4254
7060
1645
3708
790
5278
6205
1967
5059
1682
7701
6999
152
7645
6418
4705
3928
8431
7879
8022
598
6122
2349
7314
45
1238
8223
2664
2515
4788
3479
801
1501
3099
5176
6453
8175
4129
4440
1737
1990
330
911
616
6160
2616
143
5100
7025
7364
5090
6215
5122
4515
916
7972
2406
6978
6703
1566
5658
4124
4810
7841
480
2771
2991
7756
2520
2547
2314
3788
8506
5701
6930
2485
7915
1876
6989
3164
1732
8205
8361
4427
8243
2347
6549
197
2576
8237
1826
2892
3968
5380
903
2886
1745
1438
3959
3469
7451
3245
2830
2109
7413
3844
1963
5315
939
4309
3593
1935
4155
4065
1293
2877
4167
4948
5610
115
1457
6778
6143
2768
2423
5479
2225
8491
1941
3555
2781
4597
7788
3689
7627
7803
5707
3407
7192
1995
7320
2059
1127
7422
6875
6267
5009
8464
4917
1955
4277
4052
1215
1108
4411
5995
5144
1273
4205
1802
8412
5403
371
7516
5276
1629
3294
7612
3825
439
1147
2010
2801
3764
1197
1281
1044
130
659
3300
5023
8543
2410
7858
3585
2629
7155
2784
951
3840
3292
8277
16
2177
4936
8475
5690
4532
1479
6697
4339
4450
3376
7122
6090
3263
7285
1846
4997
120
7449
5091
2578
7263
51
2937
8066
6047
1357
3374
5472
890
6901
3094
6286
7112
5738
7584
6763
6745
7846
3064
396
5542
8111
7021
2671
840
8307
6395
2360
238
278
7730
860
6002
4166
3180
804
1371
1889
5977
3259
7077
7810
3372
57
2527
4876
2436
42
415
2170
300
3367
2267
7000
8065
6357
3797
6136
7649
2072
6458
2810
3767
6111
7532
3974
312
1282
4702
3556
6752
6414
2268
7311
3845
313
7040
7097
5826
1799
4105
256
7768
3981
211
6326
1535
4769
2318
5512
7891
217
2489
6786
66
5213
7602
2799
1169
6246
6827
4213
2778
583
6653
6591
5331
31
3586
1842
7459
6931
7560
5435
3481
2378
7221
4814
665
4373
274
825
8242
365
885
8401
8349
3748
936
4511
774
1728
5522
6029
2440
5401
3400
7820
1455
490
2028
674
5999
185
4543
2631
1694
987
2227
3826
1977
990
6177
4617
5145
708
3173
8383
567
264
1795
3449
5537
5815
6779
5683
2912
4675
3226
234
3798
7029
6710
1432
6170
5067
6671
2693
3876
8312
80
2859
6573
4080
6307
4937
5594
3971
7166
1974
2853
7030
2102
202
2060
8436
1622
2220
8500
8121
1630
6497
5393
4646
4859
8215
1284
100
3124
4941
5681
114
1707
3179
6794
2467
6100
1370
8276
1678
8416
2359
3557
4536
2080
1639
1070
6008
131
2600
7340
2277
2531
84
4104
5075
3007
6769
6341
6554
494
4979
5364
1757
1344
4463
711
4809
194
6371
1517
1668
5963
1052
3068
186
8052
6967
4307
6642
7147
3074
2626
2969
5494
524
897
2962
7557
249
3128
2759
6834
7213
380
594
1878
1774
8279
2614
2506
5550
2071
5979
6770
2676
2154
1537
873
1110
5784
441
2740
7271
4240
19
924
7336
4149
5018
8294
7844
976
5407
8327
5314
6546
3707
5773
5317
7148
3334
3951
4712
2218
2464
5552
2775
946
7997
4439
7461
6045
5660
2699
7849
6021
5776
24
157
1674
6223
4371
4323
3029
3147
7740
7825
5185
7575
2184
1608
2020
73
436
2979
7072
3421
2104
6678
8261
2194
3525
6444
4445
6833
2365
7888
8000
1103
3688
838
3078
7495
1588
3559
2096
2933
3946
6654
4183
4815
1930
7703
3919
8198
3910
1353
4987
2454
7275
6298
8296
8250
402
3243
5511
3761
6612
8028
6807
3489
6404
6313
6904
7484
7134
2030
4599
1280
4111
7815
2897
3673
3745
6220
7577
2456
7078
8056
6882
2092
3464
2700
8070
3106
7883
4893
168
5025
6263
7125
3693
3983
5112
4333
7163
6753
5881
5878
4458
4208
6078
6649
5862
428
2394
1648
2129
970
446
6560
7255
1985
912
61
4090
4261
1331
2868
6676
7765
8245
3105
4665
2640
491
7
5049
8335
8427
1756
5406
3691
1954
5850
7175
846
1919
2241
7354
3379
5846
178
6601
2339
2292
4650
1221
4021
1573
2965
7020
983
6250
3539
400
1441
2575
943
2639
4071
6768
2156
3213
5320
7356
5931
1379
356
5348
926
29
5273
5226
4044
7139
2082
3653
4027
3830
5717
1194
7657
1060
8165
6571
879
652
2057
5094
2637
90
7847
847
3956
2018
4258
5492
2994
6478
4460
6791
888
1638
6477
5900
2808
8441
7179
5344
8246
3170
4051
7694
2549
570
7520
5168
778
1644
6472
7088
8033
5816
4835
6803
8051
6979
1942
2646
1160
8439
4315
1080
7798
813
111
229
6720
3912
8046
4391
4572
209
7566
8009
8362
2083
7839
1382
3945
1095
5061
635
5945
5305
347
2198
381
3255
3917
2562
2213
2679
7745
1057
6182
1741
6093
4647
6880
6062
3714
6945
6881
7998
5565
7539
7494
3839
3674
5807
5209
1587
4865
6613
5191
1888
7630
4010
1663
4324
2542
1025
7958
2568
6199
3812
3726
7523
5370
8184
1494
4425
8031
525
5560
2683
6349
6240
7781
1669
6729
2928
2266
3889
1915
6285
6726
3139
4456
7149
703
7863
6619
1938
5288
4233
6124
6620
4311
4950
510
4066
7050
3503
3947
690
5190
6684
3365
3654
7193
8174
4314
5515
3940
1667
5927
2006
6235
697
5455
2725
220
5402
5151
399
4477
2780
5002
2143
1575
81
7865
54
4268
962
5774
3044
4881
3794
2168
3382
1149
6374
4050
4362
3550
4500
933
3468
5788
1191
1979
5741
986
8311
7956
4317
2958
8186
7992
7822
6187
2774
8509
5661
4351
3994
515
3151
5589
2602
1617
6084
5290
3667
7954
4518
716
7182
5396
4321
3996
8044
8518
218
3141
7315
7359
1947
8218
7355
2226
1510
6727
3036
434
6984
4430
7310
4679
7633
742
2988
1808
6694
2337
920
4642
5714
50
4382
5469
3799
8486
5965
1807
824
6114
5790
346
5996
3817
2737
5300
1417
4153
4146
3019
8043
5917
1005
3028
1989
3782
4867
1488
255
4697
39
2976
4115
8154
5306
5734
5087
1580
2672
3286
1270
3909
8372
2595
1806
6439
1359
5961
7770
7345
3271
6589
3005
2758
6952
4645
5842
5347
2093
4036
5901
767
8319
6845
8321
3883
2118
3566
2142
6268
7152
2596
1747
1120
3986
5081
6521
3861
341
1948
1429
3589
5659
2319
2923
3212
5109
7624
1958
5997
2964
3437
3829
3737
714
167
1675
2935
8539
5866
467
3020
6068
5827
4808
2663
5694
5169
8448
4284
3419
7284
5444
6822
1570
8360
7154
5321
3961
7432
5833
7706
3313
2430
904
2726
2669
909
3727
4923
6435
7626
4751
5232
3867
6507
1132
4910
1909
783
5747
782
4583
2655
6961
6611
984
6331
1369
1310
4457
6754
7510
6328
349
1777
1705
3718
3136
4714
1966
1041
2172
1471
246
8308
8386
4175
6181
2510
4118
1305
7593
1504
6528
979
2858
4861
360
4379
7910
5517
2917
5698
1863
980
6883
8382
7717
3100
6493
2100
34
4243
6399
4212
5891
1094
204
2835
2544
2500
5754
2322
5343
7064
3326
2971
3391
1875
7287
1
1555
7904
8183
2638
1957
655
2983
6863
7840
1583
3858
4116
2512
1170
3324
1766
7353
8123
1621
7329
5763
5854
4657
4570
8129
6157
2856
3778
394
8160
3067
3758
7054
49
3823
7774
7662
889
4806
881
2824
8425
2019
3166
4537
4801
7286
1771
2975
1719
3270
3641
6388
7476
8320
5356
5385
1236
6751
3232
8036
5096
1452
922
1306
4732
2136
7169
2462
3059
1298
8480
316
5868
3471
7615
1937
6683
748
8221
4706
5418
3260
1309
5817
2755
905
5007
2120
3796
7994
5104
1969
6971
4542
553
4360
4740
4989
7206
1571
4203
7249
1181
210
1916
3884
3186
4968
4692
5425
5643
7601
6168
6369
3911
4710
2372
3541
8519
6269
2659
4390
3406
7401
6631
7536
7167
5030
1208
5452
2977
4717
617
4872
5908
5431
6092
3735
4898
4069
6408
7426
2890
2919
766
625
334
6568
2924
160
6174
5635
7680
8478
5328
2204
740
1887
2033
7416
1735
8007
205
4468
6812
2851
7732
1232
5787
489
3230
6865
3535
2789
6379
6622
2192
5211
3312
3613
1416
845
5777
2599
310
2625
8270
5259
7525
4723
164
283
2682
733
4219
4025
1582
2017
2496
3001
4546
1366
7687
5117
1151
3765
6158
5591
5974
2358
4526
1697
487
4003
3605
7258
3680
2294
1165
3808
7656
7220
6
3715
725
587
6775
561
4790
6695
5575
4340
1467
6470
3529
759
2876
2281
7022
1656
5849
547
5520
7952
5262
7885
1061
5680
3288
134
7092
7262
1299
1855
3855
74
7052
1336
8118
7967
3265
3042
2656
7801
7307
6421
1768
4278
3000
6320
4822
1190
1279
3948
6841
1247
3060
4840
5642
4718
1908
2724
7358
566
619
4429
404
7071
7643
5310
3611
7267
5567
1029
3792
7348
6819
3339
4190
1844
5471
378
8364
5759
5835
2095
3570
5743
6438
5284
68
4397
1373
2385
8387
6245
4418
7984
1809
7114
1439
5602
2209
1646
5638
7303
7775
3622
4192
5003
6390
3698
4487
2905
5830
1316
4525
1413
3987
3413
852
6368
6422
1986
4172
4273
8003
6040
4892
7878
4939
7046
3351
1683
855
7094
4392
184
37
299
6486
960
8479
4245
743
4497
4538
4369
8298
3694
2039
5199
7975
7653
3176
2972
605
3524
2390
2540
486
4328
630
41
2357
7856
4031
7328
917
5360
2807
5443
215
382
4349
4201
1825
4864
14
6871
5897
7243
3109
5596
7189
1835
5243
2411
2221
5016
1793
5879
2996
91
1662
1982
5383
6352
7341
2757
2675
5941
4428
1177
2188
8460
7974
367
4361
1781
3722
6682
3362
5742
3377
1251
4778
6163
816
2079
6024
5640
4905
4619
4643
263
1492
6009
417
4553
5093
6767
3980
8106
7549
6036
2046
8379
1145
5381
5324
445
1343
4189
6772
2275
2591
867
8487
3573
3773
8356
4678
807
6291
5086
4503
6426
4766
4548
5055
4015
7132
8392
6079
2611
3343
7659
8141
2119
8274
6877
497
4250
377
7027
871
5483
5956
2815
3484
342
5870
3103
7047
1026
3957
6738
5372
7570
6990
2212
2993
7318
1543
8520
7441
8380
3381
5615
2164
67
1012
7867
7391
7384
4596
810
5488
3052
4760
6247
3457
2561
227
7780
7787
4772
5919
3010
5895
8415
1171
2042
4883
7707
8204
7324
5541
4283
964
179
1118
8469
3648
4114
7907
6166
7534
6500
6161
6101
6457
6041
2282
7251
65
7564
7168
7614
3841
6288
6853
965
558
3409
2327
2352
2761
613
1163
5601
4013
5793
925
156
3447
4819
4434
8409
5723
6644
4177
4480
2404
2310
7504
7757
4
7814
623
1489
6193
5474
3201
734
4408
678
6693
4276
5641
5053
5021
1507
7225
3203
5365
1971
4451
8353
5543
1328
4040
4555
5608
2942
6893
2592
6329
5293
2073
203
542
2800
2159
1260
1428
5609
2000
1326
808
4350
3670
8086
36
2708
6851
756
4802
4471
4145
96
2745
2809
363
6593
6429
5771
4539
6356
3378
2997
7512
2362
649
5044
5940
2707
5578
4733
1864
8002
5307
1739
2904
7582
1158
6112
3791
1779
4585
963
4620
5410
8305
3450
7576
5502
8384
7123
7640
3238
1485
8373
2585
4924
3628
3998
1813
4227
1453
5695
6599
2620
7710
875
7670
4093
254
6709
7331
141
7795
22
2219
4057
3657
6708
3558
2386
5299
4274
5229
7981
1390
1361
3982
8260
2364
833
7591
2335
1841
5133
5477
6797
6838
8405
8540
802
3806
3206
4911
3700
6585
6299
7930
7965
6868
3429
5967
6244
2954
4506
5056
8167
1337
7177
2570
1069
6686
5772
1176
596
7661
8128
2346
6685
1364
1794
2818
5464
1472
8413
1610
2696
831
7900
4318
2316
8153
3435
2762
3676
2407
3389
7964
8301
2678
3380
1680
1102
7678
2224
1928
6511
3299
5713
2457
2336
6201
2869
2938
6162
6393
432
4884
5342
5692
7581
3519
1213
710
386
7608
757
5184
5166
1516
1008
6714
6038
3614
1018
3055
7754
7113
5459
3612
375
2193
6520
2459
1827
1854
5419
7660
6109
5079
2956
1011
837
2548
5978
2704
2305
2736
2368
5234
78
2435
478
2695
7235
5533
5128
1068
5098
1653
1883
4845
5645
8124
3853
398
7836
1036
8337
8054
6102
5548
4176
3768
1524
7296
1786
423
5297
4916
6888
8285
5971
921
3364
1362
1148
406
3813
7987
895
4521
7446
640
6302
6916
7590
1188
4134
4973
7986
3656
6536
5953
2287
5631
2251
4828
2077
326
7985
8095
1689
4228
5052
7178
1318
2832
992
6746
5395
4320
4264
5058
4623
3601
8350
4173
